# phi_mrg_33 logL logPrior
3.982999265906617570e+00 -3.011972710986155085e+06 0.000000000000000000e+00
3.259396428090802544e+00 -3.011827710358805023e+06 0.000000000000000000e+00
2.942192273660345858e+00 -3.011863810389067978e+06 0.000000000000000000e+00
3.295871887696541602e+00 -3.011827529656313825e+06 0.000000000000000000e+00
3.124321701318482525e+00 -3.011835567924235482e+06 0.000000000000000000e+00
3.235828631511374898e+00 -3.011828267027989961e+06 0.000000000000000000e+00
3.218963971872039753e+00 -3.011828877167819999e+06 0.000000000000000000e+00
3.333113466741595587e+00 -3.011828198735885322e+06 0.000000000000000000e+00
4.647119556136093621e+00 -3.012320229096002877e+06 0.000000000000000000e+00
3.248766451242991682e+00 -3.011827918701130897e+06 0.000000000000000000e+00
2.640738515769103234e+00 -3.011952393515102565e+06 0.000000000000000000e+00
3.548417240705283859e+00 -3.011848853147875518e+06 0.000000000000000000e+00
3.202995763118485772e+00 -3.011829617549703456e+06 0.000000000000000000e+00
3.319384182063665811e+00 -3.011827851742566563e+06 0.000000000000000000e+00
3.278777130001838902e+00 -3.011827511323619168e+06 0.000000000000000000e+00
3.284982564917405590e+00 -3.011827496965314262e+06 0.000000000000000000e+00
3.283213907725829106e+00 -3.011827498617462814e+06 0.000000000000000000e+00
3.299954902401514456e+00 -3.011827560923668556e+06 0.000000000000000000e+00
3.282650145227409944e+00 -3.011827499552992173e+06 0.000000000000000000e+00
3.565164417943960107e+00 -3.011851643281646073e+06 0.000000000000000000e+00
3.034461668371938980e+00 -3.011847007107217796e+06 0.000000000000000000e+00
3.213473806909051156e+00 -3.011829113884566817e+06 0.000000000000000000e+00
3.277191100809370816e+00 -3.011827518836182542e+06 0.000000000000000000e+00
2.351139235827247820e+00 -3.012079848722282797e+06 0.000000000000000000e+00
2.833714537700128488e+00 -3.011889924129057676e+06 0.000000000000000000e+00
3.349323700627993894e+00 -3.011828759176088497e+06 0.000000000000000000e+00
3.283490675621969057e+00 -3.011827498230524361e+06 0.000000000000000000e+00
3.159186430738961437e+00 -3.011832459688733332e+06 0.000000000000000000e+00
3.282867330329456212e+00 -3.011827499169179704e+06 0.000000000000000000e+00
3.257154283227449820e+00 -3.011827748458123766e+06 0.000000000000000000e+00
3.390890491385460503e+00 -3.011830941105159931e+06 0.000000000000000000e+00
3.620907693018641460e+00 -3.011862133341373410e+06 0.000000000000000000e+00
3.283651843101266010e+00 -3.011827498027151451e+06 0.000000000000000000e+00
3.319234788111129930e+00 -3.011827848611079156e+06 0.000000000000000000e+00
3.291812111591625012e+00 -3.011827508846418932e+06 0.000000000000000000e+00
3.693637719112477846e+00 -3.011878557506197132e+06 0.000000000000000000e+00
3.302316890306278729e+00 -3.011827583745023701e+06 0.000000000000000000e+00
3.275503267135432939e+00 -3.011827528549246490e+06 0.000000000000000000e+00
3.274098187883588196e+00 -3.011827537986475974e+06 0.000000000000000000e+00
3.283247290881732727e+00 -3.011827498568263836e+06 0.000000000000000000e+00
3.336648104882214305e+00 -3.011828307027575094e+06 0.000000000000000000e+00
3.276665964933043185e+00 -3.011827521668345667e+06 0.000000000000000000e+00
2.789454298498232010e+00 -3.011902488306392916e+06 0.000000000000000000e+00
3.290126374759893224e+00 -3.011827503217359073e+06 0.000000000000000000e+00
3.296352515753009804e+00 -3.011827532798539381e+06 0.000000000000000000e+00
3.282936566660569433e+00 -3.011827499052991159e+06 0.000000000000000000e+00
4.451298246585274399e+00 -3.012204326143835206e+06 0.000000000000000000e+00
3.528697937642897742e+00 -3.011845783838632517e+06 0.000000000000000000e+00
3.311107650217185228e+00 -3.011827699163167272e+06 0.000000000000000000e+00
3.262974650473587257e+00 -3.011827656030694023e+06 0.000000000000000000e+00
3.345348898664640469e+00 -3.011828606655384880e+06 0.000000000000000000e+00
3.283560424701396752e+00 -3.011827498140526935e+06 0.000000000000000000e+00
3.265473674583941222e+00 -3.011827622809565160e+06 0.000000000000000000e+00
3.311739903998520251e+00 -3.011827709316532593e+06 0.000000000000000000e+00
3.320248680426236110e+00 -3.011827870135965757e+06 0.000000000000000000e+00
3.319705559082747559e+00 -3.011827858526060358e+06 0.000000000000000000e+00
3.281556773899196866e+00 -3.011827501930810511e+06 0.000000000000000000e+00
2.588113133185101944e+00 -3.011972746126650367e+06 0.000000000000000000e+00
3.157273850319667119e+00 -3.011832610787962563e+06 0.000000000000000000e+00
3.814986055139885757e+00 -3.011912629966585897e+06 0.000000000000000000e+00
3.318075681179935899e+00 -3.011827824786107056e+06 0.000000000000000000e+00
4.280224480494622341e+00 -3.012110593877239153e+06 0.000000000000000000e+00
3.288335838125774568e+00 -3.011827499173935503e+06 0.000000000000000000e+00
3.289361219743704545e+00 -3.011827501245492604e+06 0.000000000000000000e+00
3.089320293370820369e+00 -3.011839438847507350e+06 0.000000000000000000e+00
3.133072114436260769e+00 -3.011834717518893071e+06 0.000000000000000000e+00
3.281662736267893177e+00 -3.011827501667832024e+06 0.000000000000000000e+00
3.293411333299492316e+00 -3.011827515820202883e+06 0.000000000000000000e+00
3.286416566966579911e+00 -3.011827497053948231e+06 0.000000000000000000e+00
3.577669258126921825e+00 -3.011853836005130783e+06 0.000000000000000000e+00
3.289128209197151875e+00 -3.011827500717331655e+06 0.000000000000000000e+00
3.208096716676540616e+00 -3.011829363850044552e+06 0.000000000000000000e+00
3.232758560772111878e+00 -3.011828364950157702e+06 0.000000000000000000e+00
3.023189534059711914e+00 -3.011848787530100904e+06 0.000000000000000000e+00
2.999323498100660679e+00 -3.011852808710750192e+06 0.000000000000000000e+00
3.301415543007185427e+00 -3.011827574626914226e+06 0.000000000000000000e+00
2.753024924293062892e+00 -3.011913634429141879e+06 0.000000000000000000e+00
2.578427456622383485e+00 -3.011976637560100760e+06 0.000000000000000000e+00
3.264947297826913619e+00 -3.011827629484201781e+06 0.000000000000000000e+00
3.282638071641337696e+00 -3.011827499575190246e+06 0.000000000000000000e+00
3.246675894786656080e+00 -3.011827967939858790e+06 0.000000000000000000e+00
3.239966132287939615e+00 -3.011828144321600907e+06 0.000000000000000000e+00
1.679883113466084321e+00 -3.012471153595266864e+06 0.000000000000000000e+00
2.905632693906334385e+00 -3.011871855840253644e+06 0.000000000000000000e+00
3.247947755872360176e+00 -3.011827937660232652e+06 0.000000000000000000e+00
3.265475143097019917e+00 -3.011827622791185044e+06 0.000000000000000000e+00
3.588936231502554808e+00 -3.011855891439763363e+06 0.000000000000000000e+00
3.312089466327857501e+00 -3.011827715036846232e+06 0.000000000000000000e+00
4.987253747602785836e+00 -3.012530592915491201e+06 0.000000000000000000e+00
2.943047821888987947e+00 -3.011863631445827894e+06 0.000000000000000000e+00
3.231379802239177756e+00 -3.011828410831524059e+06 0.000000000000000000e+00
3.289712065443751943e+00 -3.011827502104448155e+06 0.000000000000000000e+00
3.272409408208205139e+00 -3.011827550953850150e+06 0.000000000000000000e+00
3.308984216574106352e+00 -3.011827666882025078e+06 0.000000000000000000e+00
3.286314988085844657e+00 -3.011827497005580924e+06 0.000000000000000000e+00
3.707121227565753685e+00 -3.011881936923996080e+06 0.000000000000000000e+00
3.315305337254391915e+00 -3.011827771226296201e+06 0.000000000000000000e+00
3.263906477606893564e+00 -3.011827643189295195e+06 0.000000000000000000e+00
3.279947622576940613e+00 -3.011827506782654673e+06 0.000000000000000000e+00
2.749481584429422920e+00 -3.011914756754210219e+06 0.000000000000000000e+00
3.489939523123291920e+00 -3.011840436197991483e+06 0.000000000000000000e+00
3.265473674583941222e+00 -3.011827622809565160e+06 0.000000000000000000e+00
3.296966298158990671e+00 -3.011827537020171061e+06 0.000000000000000000e+00
3.287159944572783488e+00 -3.011827497603238095e+06 0.000000000000000000e+00
3.285827993968500227e+00 -3.011827496862831060e+06 0.000000000000000000e+00
3.288190939188599060e+00 -3.011827498933931813e+06 0.000000000000000000e+00
3.262700758715006977e+00 -3.011827659907831810e+06 0.000000000000000000e+00
2.666198960610266067e+00 -3.011943037449904252e+06 0.000000000000000000e+00
3.423653752752151558e+00 -3.011833414174259640e+06 0.000000000000000000e+00
3.310979512238299893e+00 -3.011827697135688271e+06 0.000000000000000000e+00
3.330723680617494686e+00 -3.011828129917055834e+06 0.000000000000000000e+00
3.322459221393757378e+00 -3.011827919280807488e+06 0.000000000000000000e+00
3.266805394915710536e+00 -3.011827606692233123e+06 0.000000000000000000e+00
3.268102798814624066e+00 -3.011827592050766572e+06 0.000000000000000000e+00
3.303523603473756065e+00 -3.011827596743185539e+06 0.000000000000000000e+00
3.539980688126090680e+00 -3.011847511343751103e+06 0.000000000000000000e+00
3.375864631060779164e+00 -3.011830028817871585e+06 0.000000000000000000e+00
2.986051212387100584e+00 -3.011855192144163884e+06 0.000000000000000000e+00
3.295799690530834436e+00 -3.011827529196717776e+06 0.000000000000000000e+00
3.275865876177318725e+00 -3.011827526313093957e+06 0.000000000000000000e+00
3.375423299554333845e+00 -3.011830004135787953e+06 0.000000000000000000e+00
3.250733589998157314e+00 -3.011827874849751126e+06 0.000000000000000000e+00
4.437751033785908739e+00 -3.012196605221881531e+06 0.000000000000000000e+00
3.570787139633147866e+00 -3.011852617679870222e+06 0.000000000000000000e+00
3.228466342464266337e+00 -3.011828511666544713e+06 0.000000000000000000e+00
3.303450880360817354e+00 -3.011827595934204757e+06 0.000000000000000000e+00
3.256480989477918087e+00 -3.011827760509151965e+06 0.000000000000000000e+00
4.033911804255271072e+00 -3.011993655810065567e+06 0.000000000000000000e+00
3.819633663309511373e+00 -3.011914095493842848e+06 0.000000000000000000e+00
3.268112320068194521e+00 -3.011827591947185807e+06 0.000000000000000000e+00
3.279621868679432506e+00 -3.011827507960856892e+06 0.000000000000000000e+00
3.335036976646531315e+00 -3.011828256704458967e+06 0.000000000000000000e+00
3.294852102014960149e+00 -3.011827523465003818e+06 0.000000000000000000e+00
3.285322933707070625e+00 -3.011827496870596893e+06 0.000000000000000000e+00
3.282355398705341543e+00 -3.011827500120794866e+06 0.000000000000000000e+00
3.307201872320282732e+00 -3.011827641950446181e+06 0.000000000000000000e+00
3.274929857233825903e+00 -3.011827532252269797e+06 0.000000000000000000e+00
3.307537352433383315e+00 -3.011827646492264234e+06 0.000000000000000000e+00
3.254112138655427255e+00 -3.011827805148298386e+06 0.000000000000000000e+00
3.286669764212737377e+00 -3.011827497202442959e+06 0.000000000000000000e+00
3.248979714630736204e+00 -3.011827913830832578e+06 0.000000000000000000e+00
2.365210830455569013e+00 -3.012072846719988622e+06 0.000000000000000000e+00
3.287158731687962021e+00 -3.011827497602062300e+06 0.000000000000000000e+00
3.288804398343644575e+00 -3.011827500039424747e+06 0.000000000000000000e+00
3.241351928555765038e+00 -3.011828105600508861e+06 0.000000000000000000e+00
3.243845744213583071e+00 -3.011828038925562054e+06 0.000000000000000000e+00
3.288683109589980447e+00 -3.011827499802291393e+06 0.000000000000000000e+00
3.283597755466242329e+00 -3.011827498093602248e+06 0.000000000000000000e+00
3.285048192456248461e+00 -3.011827496941444464e+06 0.000000000000000000e+00
3.881577303927330469e+00 -3.011934719466736540e+06 0.000000000000000000e+00
3.122570121317902903e+00 -3.011835743799045682e+06 0.000000000000000000e+00
3.288276093423593505e+00 -3.011827499073395506e+06 0.000000000000000000e+00
3.266638177761886475e+00 -3.011827608655459248e+06 0.000000000000000000e+00
3.285903724641932477e+00 -3.011827496875343844e+06 0.000000000000000000e+00
3.289398666699236529e+00 -3.011827501333522610e+06 0.000000000000000000e+00
3.268327961101214374e+00 -3.011827589616355486e+06 0.000000000000000000e+00
3.291220711130319554e+00 -3.011827506670342758e+06 0.000000000000000000e+00
3.258061443216004882e+00 -3.011827732666881289e+06 0.000000000000000000e+00
3.284502587056395306e+00 -3.011827497221326455e+06 0.000000000000000000e+00
3.268038616237802785e+00 -3.011827592750470154e+06 0.000000000000000000e+00
2.458655463316739009e+00 -3.012028305157810450e+06 0.000000000000000000e+00
3.223523461198548379e+00 -3.011828694795712829e+06 0.000000000000000000e+00
3.259104833653275968e+00 -3.011827715136874467e+06 0.000000000000000000e+00
2.722674407648263184e+00 -3.011923464215175249e+06 0.000000000000000000e+00
3.535311337564567058e+00 -3.011846787111619487e+06 0.000000000000000000e+00
3.138328242853280159e+00 -3.011834229327993467e+06 0.000000000000000000e+00
2.763293510417798693e+00 -3.011910419981415384e+06 0.000000000000000000e+00
3.005138359957864047e+00 -3.011851797564620152e+06 0.000000000000000000e+00
3.325492219650773240e+00 -3.011827991652719211e+06 0.000000000000000000e+00
3.342160874222863232e+00 -3.011828491413149517e+06 0.000000000000000000e+00
3.266224418542353014e+00 -3.011827613587971777e+06 0.000000000000000000e+00
3.275392970397909664e+00 -3.011827529245647602e+06 0.000000000000000000e+00
3.291495535956296958e+00 -3.011827507654514164e+06 0.000000000000000000e+00
1.686036040884308473e+00 -3.012467328774556518e+06 0.000000000000000000e+00
3.281831022034764178e+00 -3.011827501264530234e+06 0.000000000000000000e+00
3.247947755872360176e+00 -3.011827937660232652e+06 0.000000000000000000e+00
3.308680958765275459e+00 -3.011827662500581704e+06 0.000000000000000000e+00
3.263830330634947874e+00 -3.011827644218409434e+06 0.000000000000000000e+00
3.015505255594925327e+00 -3.011850045015636832e+06 0.000000000000000000e+00
3.324130759905868704e+00 -3.011827958459072281e+06 0.000000000000000000e+00
3.375864631060779164e+00 -3.011830028817871585e+06 0.000000000000000000e+00
3.375423299554333845e+00 -3.011830004135787953e+06 0.000000000000000000e+00
3.296352515753009804e+00 -3.011827532798539381e+06 0.000000000000000000e+00
2.170276109417943466e+00 -3.012175855238465127e+06 0.000000000000000000e+00
3.514580074794525721e+00 -3.011843730508659035e+06 0.000000000000000000e+00
3.306121292311259285e+00 -3.011827627797001507e+06 0.000000000000000000e+00
3.323533603379298373e+00 -3.011827944263282698e+06 0.000000000000000000e+00
3.282307502325123139e+00 -3.011827500218166504e+06 0.000000000000000000e+00
3.283737976139891934e+00 -3.011827497925085947e+06 0.000000000000000000e+00
3.275600240248561335e+00 -3.011827527943218127e+06 0.000000000000000000e+00
3.278916126911199935e+00 -3.011827510739791673e+06 0.000000000000000000e+00
4.365682157172854794e+00 -3.012156345153055619e+06 0.000000000000000000e+00
3.290739794299356369e+00 -3.011827505061158910e+06 0.000000000000000000e+00
3.300074831709215673e+00 -3.011827561998809688e+06 0.000000000000000000e+00
3.332817021028811499e+00 -3.011828190006351098e+06 0.000000000000000000e+00
3.265473674583941222e+00 -3.011827622809565160e+06 0.000000000000000000e+00
3.359430023481883687e+00 -3.011829191132850479e+06 0.000000000000000000e+00
3.326301904282319200e+00 -3.011828011939817574e+06 0.000000000000000000e+00
3.247195093969768909e+00 -3.011827955457676202e+06 0.000000000000000000e+00
2.999323498100660679e+00 -3.011852808710750192e+06 0.000000000000000000e+00
3.118675765110514142e+00 -3.011836141574328300e+06 0.000000000000000000e+00
3.272043760395820122e+00 -3.011827553995075636e+06 0.000000000000000000e+00
3.351098979549444579e+00 -3.011828830465009902e+06 0.000000000000000000e+00
3.277925695347028157e+00 -3.011827515162125230e+06 0.000000000000000000e+00
3.027409438579661050e+00 -3.011848112050326541e+06 0.000000000000000000e+00
3.271689315744883420e+00 -3.011827557022483088e+06 0.000000000000000000e+00
3.888481187849405885e+00 -3.011937141910566948e+06 0.000000000000000000e+00
3.270097889235125788e+00 -3.011827571578175761e+06 0.000000000000000000e+00
3.293210914793673005e+00 -3.011827514859053772e+06 0.000000000000000000e+00
3.293316538260314896e+00 -3.011827515362479724e+06 0.000000000000000000e+00
3.300250213737990990e+00 -3.011827563587177545e+06 0.000000000000000000e+00
3.306852909123545015e+00 -3.011827637300347909e+06 0.000000000000000000e+00
3.247195093969768909e+00 -3.011827955457676202e+06 0.000000000000000000e+00
3.281829400098101424e+00 -3.011827501268332824e+06 0.000000000000000000e+00
3.717388221701872553e+00 -3.011884579399897717e+06 0.000000000000000000e+00
3.270934847431754999e+00 -3.011827563726745546e+06 0.000000000000000000e+00
3.331732460202591284e+00 -3.011828158534187824e+06 0.000000000000000000e+00
3.272341594540189025e+00 -3.011827551511600148e+06 0.000000000000000000e+00
3.281407369637452831e+00 -3.011827502313468140e+06 0.000000000000000000e+00
3.341711298949074482e+00 -3.011828475669401698e+06 0.000000000000000000e+00
2.865419023768903450e+00 -3.011881596478284337e+06 0.000000000000000000e+00
3.289116159292539532e+00 -3.011827500690937042e+06 0.000000000000000000e+00
3.304130624893190760e+00 -3.011827603624060750e+06 0.000000000000000000e+00
3.255001178918637272e+00 -3.011827787986099720e+06 0.000000000000000000e+00
4.488313391514164863e+00 -3.012225647242736537e+06 0.000000000000000000e+00
3.243871786747996921e+00 -3.011828038249674253e+06 0.000000000000000000e+00
3.260036594574247548e+00 -3.011827700054455549e+06 0.000000000000000000e+00
3.343891824238606425e+00 -3.011828553201380186e+06 0.000000000000000000e+00
3.313381699469323483e+00 -3.011827736842742190e+06 0.000000000000000000e+00
3.290371947929624952e+00 -3.011827503927404992e+06 0.000000000000000000e+00
3.334218733737434270e+00 -3.011828231764271855e+06 0.000000000000000000e+00
3.305885716397912955e+00 -3.011827624807823449e+06 0.000000000000000000e+00
3.319712664789294720e+00 -3.011827858676770236e+06 0.000000000000000000e+00
3.228781481370825990e+00 -3.011828500505335629e+06 0.000000000000000000e+00
3.286770773967669701e+00 -3.011827497272809036e+06 0.000000000000000000e+00
3.971719551599794507e+00 -3.011968235977909528e+06 0.000000000000000000e+00
3.281570007027837743e+00 -3.011827501897586510e+06 0.000000000000000000e+00
3.212823949530844381e+00 -3.011829143141882494e+06 0.000000000000000000e+00
3.448987854604022019e+00 -3.011835779937283602e+06 0.000000000000000000e+00
3.285869596788609126e+00 -3.011827496869264171e+06 0.000000000000000000e+00
3.286218178888290709e+00 -3.011827496965457685e+06 0.000000000000000000e+00
3.306121292311259285e+00 -3.011827627797001507e+06 0.000000000000000000e+00
3.286526867350650694e+00 -3.011827497113735881e+06 0.000000000000000000e+00
3.012463852883089377e+00 -3.011850552503340878e+06 0.000000000000000000e+00
3.296885194279839393e+00 -3.011827536448899657e+06 0.000000000000000000e+00
3.445978613087414377e+00 -3.011835478282689583e+06 0.000000000000000000e+00
3.285360670285664586e+00 -3.011827496864532586e+06 0.000000000000000000e+00
3.319157429979465501e+00 -3.011827846995005850e+06 0.000000000000000000e+00
3.232200306926097166e+00 -3.011828383385104127e+06 0.000000000000000000e+00
2.482741905673206961e+00 -3.012017404826373328e+06 0.000000000000000000e+00
3.304781262803663910e+00 -3.011827611253767274e+06 0.000000000000000000e+00
3.339008102022662516e+00 -3.011828383651931770e+06 0.000000000000000000e+00
3.237225634157245846e+00 -3.011828224407723173e+06 0.000000000000000000e+00
3.277890131556369990e+00 -3.011827515332266223e+06 0.000000000000000000e+00
3.302316890306278729e+00 -3.011827583745023701e+06 0.000000000000000000e+00
3.249613289727234289e+00 -3.011827899528607726e+06 0.000000000000000000e+00
3.250626421358908225e+00 -3.011827877176803071e+06 0.000000000000000000e+00
3.241970856640705723e+00 -3.011828088692255318e+06 0.000000000000000000e+00
3.274048384127154598e+00 -3.011827538343514316e+06 0.000000000000000000e+00
3.300456951095618763e+00 -3.011827565484081395e+06 0.000000000000000000e+00
3.282473363569486047e+00 -3.011827499887061305e+06 0.000000000000000000e+00
3.286002459064672809e+00 -3.011827496897015721e+06 0.000000000000000000e+00
3.265049763026883323e+00 -3.011827628171403892e+06 0.000000000000000000e+00
3.245189224964652563e+00 -3.011828004607840441e+06 0.000000000000000000e+00
3.280815232525315928e+00 -3.011827503966607153e+06 0.000000000000000000e+00
2.459290319612751574e+00 -3.012028014690356329e+06 0.000000000000000000e+00
3.256480989477918087e+00 -3.011827760509151965e+06 0.000000000000000000e+00
3.276920942492854039e+00 -3.011827520271779969e+06 0.000000000000000000e+00
1.203352196659765783e+00 -3.012753845113773365e+06 0.000000000000000000e+00
3.276543158125892141e+00 -3.011827522355411202e+06 0.000000000000000000e+00
3.457820375422870018e+00 -3.011836697414999828e+06 0.000000000000000000e+00
3.393879498367221803e+00 -3.011831139239962213e+06 0.000000000000000000e+00
3.327311026342943290e+00 -3.011828037794213276e+06 0.000000000000000000e+00
3.284185818998546669e+00 -3.011827497468769550e+06 0.000000000000000000e+00
3.283973743700385306e+00 -3.011827497669309378e+06 0.000000000000000000e+00
3.320265251588150335e+00 -3.011827870493077673e+06 0.000000000000000000e+00
3.367877060657006982e+00 -3.011829600774250925e+06 0.000000000000000000e+00
3.198464812081444730e+00 -3.011829856425089762e+06 0.000000000000000000e+00
3.269585911323301897e+00 -3.011827576595733874e+06 0.000000000000000000e+00
3.283600480363851215e+00 -3.011827498090211302e+06 0.000000000000000000e+00
3.651962398414648092e+00 -3.011868771030009724e+06 0.000000000000000000e+00
3.329287555687784561e+00 -3.011828090267733671e+06 0.000000000000000000e+00
3.447177452255644869e+00 -3.011835597791491076e+06 0.000000000000000000e+00
3.254112138655427255e+00 -3.011827805148298386e+06 0.000000000000000000e+00
3.218963971872039753e+00 -3.011828877167819999e+06 0.000000000000000000e+00
3.285772205375732113e+00 -3.011827496855894104e+06 0.000000000000000000e+00
2.932846955473409789e+00 -3.011865792906227522e+06 0.000000000000000000e+00
3.055842844485658905e+00 -3.011843840445487760e+06 0.000000000000000000e+00
3.506875393772904026e+00 -3.011842660819212906e+06 0.000000000000000000e+00
3.132138603359175821e+00 -3.011834806000053883e+06 0.000000000000000000e+00
3.282088229436301852e+00 -3.011827500682157464e+06 0.000000000000000000e+00
3.323931026828830237e+00 -3.011827953686289489e+06 0.000000000000000000e+00
3.201241697216858917e+00 -3.011829708516209386e+06 0.000000000000000000e+00
3.327863518149048794e+00 -3.011828052217497490e+06 0.000000000000000000e+00
3.288616030681581037e+00 -3.011827499675073661e+06 0.000000000000000000e+00
3.213464502989093585e+00 -3.011829114301591646e+06 0.000000000000000000e+00
2.467426681042270253e+00 -3.012024307118112221e+06 0.000000000000000000e+00
3.569676708458339398e+00 -3.011852423749794718e+06 0.000000000000000000e+00
3.252623312795358324e+00 -3.011827834989226423e+06 0.000000000000000000e+00
3.284818093278449869e+00 -3.011827497036904097e+06 0.000000000000000000e+00
3.211672688470347481e+00 -3.011829195616060868e+06 0.000000000000000000e+00
3.286886667852837896e+00 -3.011827497361361049e+06 0.000000000000000000e+00
3.606388562527445885e+00 -3.011859223919343203e+06 0.000000000000000000e+00
3.569457955033014329e+00 -3.011852385632622987e+06 0.000000000000000000e+00
3.232171176949421021e+00 -3.011828384352362249e+06 0.000000000000000000e+00
3.291655528501494565e+00 -3.011827508249094710e+06 0.000000000000000000e+00
3.291419033851880727e+00 -3.011827507375836372e+06 0.000000000000000000e+00
3.259244944504924302e+00 -3.011827712834418286e+06 0.000000000000000000e+00
3.154863244223257812e+00 -3.011832804446689785e+06 0.000000000000000000e+00
3.270098867190005087e+00 -3.011827571568747051e+06 0.000000000000000000e+00
3.332212899619574120e+00 -3.011828172385587357e+06 0.000000000000000000e+00
3.154125680318065061e+00 -3.011832864415666088e+06 0.000000000000000000e+00
3.292241018746844272e+00 -3.011827510560680181e+06 0.000000000000000000e+00
3.332669459080242369e+00 -3.011828185681397561e+06 0.000000000000000000e+00
3.296840882335200451e+00 -3.011827536138508003e+06 0.000000000000000000e+00
3.287197295808359065e+00 -3.011827497639905196e+06 0.000000000000000000e+00
3.253380662772635379e+00 -3.011827819637278095e+06 0.000000000000000000e+00
3.256319109673523116e+00 -3.011827763448601589e+06 0.000000000000000000e+00
3.239966132287939615e+00 -3.011828144321600907e+06 0.000000000000000000e+00
3.307614314207126149e+00 -3.011827647544061765e+06 0.000000000000000000e+00
3.282529538851152395e+00 -3.011827499778798781e+06 0.000000000000000000e+00
3.570315506201748867e+00 -3.011852535222031176e+06 0.000000000000000000e+00
3.276441442288885675e+00 -3.011827522931580432e+06 0.000000000000000000e+00
3.274098187883588196e+00 -3.011827537986475974e+06 0.000000000000000000e+00
3.292149701547005591e+00 -3.011827510186115745e+06 0.000000000000000000e+00
3.267675122783030073e+00 -3.011827596761526074e+06 0.000000000000000000e+00
3.259285168539856947e+00 -3.011827712175667752e+06 0.000000000000000000e+00
3.237225634157245846e+00 -3.011828224407723173e+06 0.000000000000000000e+00
3.280603496720155388e+00 -3.011827504610664677e+06 0.000000000000000000e+00
3.333727892241558521e+00 -3.011828217002915218e+06 0.000000000000000000e+00
3.269391565872456162e+00 -3.011827578543067910e+06 0.000000000000000000e+00
3.483406956455334491e+00 -3.011839624757335987e+06 0.000000000000000000e+00
3.247947755872360176e+00 -3.011827937660232652e+06 0.000000000000000000e+00
3.275448605038308703e+00 -3.011827528893431183e+06 0.000000000000000000e+00
3.273689644449152780e+00 -3.011827540960859973e+06 0.000000000000000000e+00
3.270845454603994895e+00 -3.011827564544552937e+06 0.000000000000000000e+00
2.572879213012646549e+00 -3.011978886693310924e+06 0.000000000000000000e+00
3.541953987851990338e+00 -3.011847821355174761e+06 0.000000000000000000e+00
3.285705541410292696e+00 -3.011827496850144118e+06 0.000000000000000000e+00
3.282877005832007367e+00 -3.011827499152763747e+06 0.000000000000000000e+00
3.218948072199069976e+00 -3.011828877826355398e+06 0.000000000000000000e+00
3.346809844598618078e+00 -3.011828661574744154e+06 0.000000000000000000e+00
3.224977201445416330e+00 -3.011828639361477457e+06 0.000000000000000000e+00
3.188440069350580330e+00 -3.011830430133946240e+06 0.000000000000000000e+00
3.287312355670967357e+00 -3.011827497758312151e+06 0.000000000000000000e+00
3.229047134424942289e+00 -3.011828491144657601e+06 0.000000000000000000e+00
3.379852414719163534e+00 -3.011830257309804671e+06 0.000000000000000000e+00
2.653603295286902419e+00 -3.011947625382336322e+06 0.000000000000000000e+00
3.285460373426704273e+00 -3.011827496852771379e+06 0.000000000000000000e+00
3.292697135950209297e+00 -3.011827512509222142e+06 0.000000000000000000e+00
3.372709676572405169e+00 -3.011829855024393648e+06 0.000000000000000000e+00
3.395266165291257465e+00 -3.011831233035018668e+06 0.000000000000000000e+00
3.385633467603510027e+00 -3.011830606035300530e+06 0.000000000000000000e+00
3.332220121674790203e+00 -3.011828172594897449e+06 0.000000000000000000e+00
2.775440854587044370e+00 -3.011906690824387595e+06 0.000000000000000000e+00
3.397375236464857284e+00 -3.011831377972851507e+06 0.000000000000000000e+00
3.086035676538849692e-01 -3.013062975997900590e+06 0.000000000000000000e+00
2.496858626388076097e+00 -3.012011132391076535e+06 0.000000000000000000e+00
3.280271227281412738e+00 -3.011827505677570589e+06 0.000000000000000000e+00
3.330639760660524029e+00 -3.011828127564894967e+06 0.000000000000000000e+00
3.084474622822693135e+00 -3.011840033750113100e+06 0.000000000000000000e+00
3.242794382558605193e+00 -3.011828066563724540e+06 0.000000000000000000e+00
3.276497880631366488e+00 -3.011827522611090913e+06 0.000000000000000000e+00
3.311637661221424889e+00 -3.011827707657769788e+06 0.000000000000000000e+00
3.246675894786656080e+00 -3.011827967939858790e+06 0.000000000000000000e+00
3.294999602772984648e+00 -3.011827524320499972e+06 0.000000000000000000e+00
3.281226209092696244e+00 -3.011827502796082757e+06 0.000000000000000000e+00
3.223513932638919055e+00 -3.011828695163384080e+06 0.000000000000000000e+00
3.332870874418577767e+00 -3.011828191588131711e+06 0.000000000000000000e+00
3.327401422273277287e+00 -3.011828040141100064e+06 0.000000000000000000e+00
3.289079968151202849e+00 -3.011827500612203963e+06 0.000000000000000000e+00
3.342879032605026168e+00 -3.011828516822819132e+06 0.000000000000000000e+00
2.866111227327867272e+00 -3.011881420997852460e+06 0.000000000000000000e+00
3.294254920233897099e+00 -3.011827520139669999e+06 0.000000000000000000e+00
3.282281664956770761e+00 -3.011827500271284953e+06 0.000000000000000000e+00
3.227579727035620571e+00 -3.011828543398415670e+06 0.000000000000000000e+00
1.099207053151491476e+00 -3.012808577426852658e+06 0.000000000000000000e+00
2.775440854587044370e+00 -3.011906690824387595e+06 0.000000000000000000e+00
3.340354122351893551e+00 -3.011828428903559223e+06 0.000000000000000000e+00
3.285675783393291916e+00 -3.011827496848470066e+06 0.000000000000000000e+00
3.341741419173050787e+00 -3.011828476720264181e+06 0.000000000000000000e+00
3.288054582641481094e+00 -3.011827498720002361e+06 0.000000000000000000e+00
3.289083932308475955e+00 -3.011827500620788429e+06 0.000000000000000000e+00
3.284497674562332215e+00 -3.011827497224687599e+06 0.000000000000000000e+00
3.303919108510890545e+00 -3.011827601200412028e+06 0.000000000000000000e+00
3.308984216574106352e+00 -3.011827666882025078e+06 0.000000000000000000e+00
3.255741340568528930e+00 -3.011827774072697386e+06 0.000000000000000000e+00
3.025480578720439517e+00 -3.011848419474826194e+06 0.000000000000000000e+00
3.651044923969303468e+00 -3.011868566867430694e+06 0.000000000000000000e+00
3.324222412805755145e+00 -3.011827960657491349e+06 0.000000000000000000e+00
3.375423299554333845e+00 -3.011830004135787953e+06 0.000000000000000000e+00
3.279918671003181796e+00 -3.011827506884695962e+06 0.000000000000000000e+00
3.271987614038260439e+00 -3.011827554469428491e+06 0.000000000000000000e+00
2.947285504927506850e+00 -3.011862751432459801e+06 0.000000000000000000e+00
3.333383263182097878e+00 -3.011828206728122197e+06 0.000000000000000000e+00
3.263830330634947874e+00 -3.011827644218409434e+06 0.000000000000000000e+00
3.814986055139885757e+00 -3.011912629966585897e+06 0.000000000000000000e+00
3.275524930754735831e+00 -3.011827528413353022e+06 0.000000000000000000e+00
3.278639910207189256e+00 -3.011827511911769398e+06 0.000000000000000000e+00
3.254234477634343925e+00 -3.011827802757490426e+06 0.000000000000000000e+00
2.853424845842411628e+00 -3.011884680249776691e+06 0.000000000000000000e+00
3.284102318304884083e+00 -3.011827497544389218e+06 0.000000000000000000e+00
3.283838655880443103e+00 -3.011827497811632231e+06 0.000000000000000000e+00
3.308680958765275459e+00 -3.011827662500581704e+06 0.000000000000000000e+00
3.302316890306278729e+00 -3.011827583745023701e+06 0.000000000000000000e+00
3.295524869194397688e+00 -3.011827527476903051e+06 0.000000000000000000e+00
3.330432717170734414e+00 -3.011828121780465357e+06 0.000000000000000000e+00
3.276318859439756537e+00 -3.011827523634501733e+06 0.000000000000000000e+00
3.284535460256182926e+00 -3.011827497199221980e+06 0.000000000000000000e+00
3.246675894786656080e+00 -3.011827967939858790e+06 0.000000000000000000e+00
3.279850566450409843e+00 -3.011827507126789540e+06 0.000000000000000000e+00
3.282254417792983325e+00 -3.011827500327751972e+06 0.000000000000000000e+00
3.280054058771826764e+00 -3.011827506411995739e+06 0.000000000000000000e+00
3.321661973987838579e+00 -3.011827901206208859e+06 0.000000000000000000e+00
3.310063358232353092e+00 -3.011827682937153615e+06 0.000000000000000000e+00
3.284442255109150555e+00 -3.011827497263643891e+06 0.000000000000000000e+00
3.351859040822172009e+00 -3.011828861584356055e+06 0.000000000000000000e+00
3.248766451242991682e+00 -3.011827918701130897e+06 0.000000000000000000e+00
8.539807932426350945e-01 -3.012921107611069921e+06 0.000000000000000000e+00
3.162661277137951199e+00 -3.011832190941555426e+06 0.000000000000000000e+00
3.293698838527642891e+00 -3.011827517242617439e+06 0.000000000000000000e+00
3.289397530340553377e+00 -3.011827501330838073e+06 0.000000000000000000e+00
3.562918782648898386e+00 -3.011851259400465060e+06 0.000000000000000000e+00
2.496858626388076097e+00 -3.012011132391076535e+06 0.000000000000000000e+00
3.814986055139885757e+00 -3.011912629966585897e+06 0.000000000000000000e+00
3.332220121674790203e+00 -3.011828172594897449e+06 0.000000000000000000e+00
3.237480483737109171e+00 -3.011828216763434932e+06 0.000000000000000000e+00
3.364557773083110881e+00 -3.011829434527852573e+06 0.000000000000000000e+00
3.288497906813133476e+00 -3.011827499457850121e+06 0.000000000000000000e+00
3.285321244502613425e+00 -3.011827496870888397e+06 0.000000000000000000e+00
3.334417894487572198e+00 -3.011828237796430476e+06 0.000000000000000000e+00
3.367222301105007087e+00 -3.011829567439890467e+06 0.000000000000000000e+00
3.395981487926202913e+00 -3.011831281884687487e+06 0.000000000000000000e+00
4.007459929456780756e+00 -3.011982622891802806e+06 0.000000000000000000e+00
3.335647510246421366e+00 -3.011828275584563613e+06 0.000000000000000000e+00
3.277905548896973276e+00 -3.011827515258411877e+06 0.000000000000000000e+00
3.282893104168352227e+00 -3.011827499125578906e+06 0.000000000000000000e+00
3.299075482341242260e+00 -3.011827553313119803e+06 0.000000000000000000e+00
3.292576485002943976e+00 -3.011827511981212534e+06 0.000000000000000000e+00
3.293823931366915314e+00 -3.011827517877556384e+06 0.000000000000000000e+00
3.352190805109566796e+00 -3.011828875280246139e+06 0.000000000000000000e+00
3.513321402447855402e+00 -3.011843553300362080e+06 0.000000000000000000e+00
3.509508171538285204e+00 -3.011843022296304815e+06 0.000000000000000000e+00
3.204142594675790878e+00 -3.011829559105601627e+06 0.000000000000000000e+00
3.360637052930437907e+00 -3.011829246958596632e+06 0.000000000000000000e+00
3.285803647972212360e+00 -3.011827496859565843e+06 0.000000000000000000e+00
3.189719646638986550e+00 -3.011830353440022562e+06 0.000000000000000000e+00
3.403100068463849048e+00 -3.011831785247425083e+06 0.000000000000000000e+00
3.288604809103788273e+00 -3.011827499654064886e+06 0.000000000000000000e+00
5.184995692280590873e+00 -3.012650151017692871e+06 0.000000000000000000e+00
3.564663404806009073e+00 -3.011851557374390773e+06 0.000000000000000000e+00
3.267079861032206267e+00 -3.011827603507532738e+06 0.000000000000000000e+00
3.277774958747729617e+00 -3.011827515888663940e+06 0.000000000000000000e+00
3.545220324288947733e+00 -3.011848339654206298e+06 0.000000000000000000e+00
3.360676030952371995e+00 -3.011829248776411172e+06 0.000000000000000000e+00
3.246374795858925300e+00 -3.011827975255394354e+06 0.000000000000000000e+00
2.730524241691988596e+00 -3.011920875027853530e+06 0.000000000000000000e+00
3.272261301578987425e+00 -3.011827552175687626e+06 0.000000000000000000e+00
3.312691687347094405e+00 -3.011827725069901906e+06 0.000000000000000000e+00
3.236684711403937875e+00 -3.011828240766562521e+06 0.000000000000000000e+00
2.999323498100660679e+00 -3.011852808710750192e+06 0.000000000000000000e+00
3.307614314207126149e+00 -3.011827647544061765e+06 0.000000000000000000e+00
3.282540361430208442e+00 -3.011827499758166261e+06 0.000000000000000000e+00
2.882473162541142830e+00 -3.011877352518293075e+06 0.000000000000000000e+00
3.286077860442114140e+00 -3.011827496917648241e+06 0.000000000000000000e+00
3.134056942046878458e+00 -3.011834624754465651e+06 0.000000000000000000e+00
3.281732166466786893e+00 -3.011827501499305945e+06 0.000000000000000000e+00
3.284988752712147075e+00 -3.011827496962949634e+06 0.000000000000000000e+00
2.313476298502608941e+00 -3.012098945942195132e+06 0.000000000000000000e+00
3.331780022472366376e+00 -3.011828159899045713e+06 0.000000000000000000e+00
3.213464502989093585e+00 -3.011829114301591646e+06 0.000000000000000000e+00
3.311929571535347172e+00 -3.011827712410865352e+06 0.000000000000000000e+00
4.395927337191912088e+00 -3.012173067695479374e+06 0.000000000000000000e+00
2.676580014893427784e+00 -3.011939316544413101e+06 0.000000000000000000e+00
3.145379969256579145e+00 -3.011833601061191875e+06 0.000000000000000000e+00
3.383206336706227724e+00 -3.011830457106106915e+06 0.000000000000000000e+00
3.264947297826913619e+00 -3.011827629484201781e+06 0.000000000000000000e+00
3.444895175019087041e+00 -3.011835371036956087e+06 0.000000000000000000e+00
3.247407796058075835e+00 -3.011827950392433442e+06 0.000000000000000000e+00
3.255519133405406329e+00 -3.011827778213925660e+06 0.000000000000000000e+00
3.086636651053445313e+00 -3.011839766549315304e+06 0.000000000000000000e+00
3.284493073680168518e+00 -3.011827497227849439e+06 0.000000000000000000e+00
3.282838897058946159e+00 -3.011827499217758421e+06 0.000000000000000000e+00
3.243845744213583071e+00 -3.011828038925562054e+06 0.000000000000000000e+00
3.279193392555906250e+00 -3.011827509611085057e+06 0.000000000000000000e+00
3.263343749570147168e+00 -3.011827650879609399e+06 0.000000000000000000e+00
3.222775022081730167e+00 -3.011828723846863955e+06 0.000000000000000000e+00
3.284419107060829734e+00 -3.011827497280481271e+06 0.000000000000000000e+00
3.230556710965528655e+00 -3.011828438784540631e+06 0.000000000000000000e+00
3.375423299554333845e+00 -3.011830004135787953e+06 0.000000000000000000e+00
3.282752229832591961e+00 -3.011827499368933029e+06 0.000000000000000000e+00
3.328665203494101554e+00 -3.011828073483494576e+06 0.000000000000000000e+00
3.279334874898361285e+00 -3.011827509053554852e+06 0.000000000000000000e+00
3.278376574381399955e+00 -3.011827513073275797e+06 0.000000000000000000e+00
3.292192357800938662e+00 -3.011827510360437445e+06 0.000000000000000000e+00
2.906363564383183551e+00 -3.011871687402874697e+06 0.000000000000000000e+00
3.271813810859337757e+00 -3.011827555950234644e+06 0.000000000000000000e+00
3.262700758715006977e+00 -3.011827659907831810e+06 0.000000000000000000e+00
3.971975543990252433e+00 -3.011968336861103307e+06 0.000000000000000000e+00
3.282250326552859310e+00 -3.011827500336270779e+06 0.000000000000000000e+00
3.279850566450409843e+00 -3.011827507126789540e+06 0.000000000000000000e+00
3.246675894786656080e+00 -3.011827967939858790e+06 0.000000000000000000e+00
3.558236516460501875e+00 -3.011850468692462891e+06 0.000000000000000000e+00
3.247427873561073319e+00 -3.011827949915763922e+06 0.000000000000000000e+00
3.279481068944807731e+00 -3.011827508490536362e+06 0.000000000000000000e+00
3.278277458696105651e+00 -3.011827513521621004e+06 0.000000000000000000e+00
3.263112384678632960e+00 -3.011827654098591302e+06 0.000000000000000000e+00
3.286434929991526754e+00 -3.011827497063376941e+06 0.000000000000000000e+00
3.878271771261825762e+00 -3.011933568295284174e+06 0.000000000000000000e+00
3.230975822184971591e+00 -3.011828424498524517e+06 0.000000000000000000e+00
3.284146505681862838e+00 -3.011827497503832914e+06 0.000000000000000000e+00
3.333169577003548323e+00 -3.011828200394326821e+06 0.000000000000000000e+00
3.402453710693518207e+00 -3.011831738250422291e+06 0.000000000000000000e+00
3.211884098404955257e+00 -3.011829185918429866e+06 0.000000000000000000e+00
3.297382434220003766e+00 -3.011827540015648119e+06 0.000000000000000000e+00
3.281634996516327618e+00 -3.011827501736002043e+06 0.000000000000000000e+00
3.284048482229456223e+00 -3.011827497595444322e+06 0.000000000000000000e+00
3.267824890575345087e+00 -3.011827595098924823e+06 0.000000000000000000e+00
3.006190747244410932e+00 -3.011851616723618470e+06 0.000000000000000000e+00
3.491537546466080499e+00 -3.011840638653630856e+06 0.000000000000000000e+00
3.257348748631823998e+00 -3.011827745029916987e+06 0.000000000000000000e+00
3.264729185854093441e+00 -3.011827632300421596e+06 0.000000000000000000e+00
3.283398462758466696e+00 -3.011827498354151379e+06 0.000000000000000000e+00
3.586378367883781060e+00 -3.011855418187954463e+06 0.000000000000000000e+00
3.048544716139127253e+00 -3.011844890285307541e+06 0.000000000000000000e+00
3.282250326552859310e+00 -3.011827500336270779e+06 0.000000000000000000e+00
4.667184043612444100e+00 -3.012332460968369618e+06 0.000000000000000000e+00
3.884896374527193608e+00 -3.011935881011539605e+06 0.000000000000000000e+00
2.110657340542370974e+00 -3.012209620905426331e+06 0.000000000000000000e+00
3.355544609651431198e+00 -3.011829017567011528e+06 0.000000000000000000e+00
3.184098104880788149e+00 -3.011830697931723204e+06 0.000000000000000000e+00
3.337689112121475787e+00 -3.011828340400578454e+06 0.000000000000000000e+00
3.276880083410793176e+00 -3.011827520492852665e+06 0.000000000000000000e+00
3.310886564680336708e+00 -3.011827695671402849e+06 0.000000000000000000e+00
3.256347077920101807e+00 -3.011827762939583510e+06 0.000000000000000000e+00
3.243950534317851631e+00 -3.011828036208485253e+06 0.000000000000000000e+00
3.292275560719331917e+00 -3.011827510703715496e+06 0.000000000000000000e+00
3.232171176949421021e+00 -3.011828384352362249e+06 0.000000000000000000e+00
3.467469680009023669e+00 -3.011837754370317794e+06 0.000000000000000000e+00
3.297672547262317178e+00 -3.011827542167684063e+06 0.000000000000000000e+00
3.719226302647193894e+00 -3.011885058769649826e+06 0.000000000000000000e+00
3.303104783330331973e+00 -3.011827592129246332e+06 0.000000000000000000e+00
3.335036976646531315e+00 -3.011828256704458967e+06 0.000000000000000000e+00
3.281759602635116568e+00 -3.011827501433537342e+06 0.000000000000000000e+00
3.293486957585771702e+00 -3.011827516189367045e+06 0.000000000000000000e+00
3.302266961221763886e+00 -3.011827583226718940e+06 0.000000000000000000e+00
3.341682277647802124e+00 -3.011828474657412618e+06 0.000000000000000000e+00
3.197892688716042819e+00 -3.011829887492460199e+06 0.000000000000000000e+00
3.394923062457718466e+00 -3.011831209716637619e+06 0.000000000000000000e+00
3.159330749611215072e+00 -3.011832448378704954e+06 0.000000000000000000e+00
3.322459221393757378e+00 -3.011827919280807488e+06 0.000000000000000000e+00
3.275245442931040252e+00 -3.011827530188947916e+06 0.000000000000000000e+00
3.238106197547615306e+00 -3.011828198166105431e+06 0.000000000000000000e+00
3.297825177797604201e+00 -3.011827543320898898e+06 0.000000000000000000e+00
3.284759327930847128e+00 -3.011827497066562064e+06 0.000000000000000000e+00
3.264630290735899276e+00 -3.011827633587082848e+06 0.000000000000000000e+00
3.283485361425318327e+00 -3.011827498237505555e+06 0.000000000000000000e+00
3.316141925714153782e+00 -3.011827786897452082e+06 0.000000000000000000e+00
3.286389201543462590e+00 -3.011827497040286660e+06 0.000000000000000000e+00
3.339008102022662516e+00 -3.011828383651931770e+06 0.000000000000000000e+00
2.512822508053518256e+00 -3.012004144514346030e+06 0.000000000000000000e+00
3.286770773967669701e+00 -3.011827497272809036e+06 0.000000000000000000e+00
4.195506994636152065e+00 -3.012067679010854568e+06 0.000000000000000000e+00
3.896446954613174807e+00 -3.011939967282049358e+06 0.000000000000000000e+00
3.307213468387886657e+00 -3.011827642106269486e+06 0.000000000000000000e+00
4.043740891254585357e+00 -3.011997837145897560e+06 0.000000000000000000e+00
3.325785629722173287e+00 -3.011827998957203701e+06 0.000000000000000000e+00
3.501983612130475709e+00 -3.011842000352895819e+06 0.000000000000000000e+00
3.287748717290082556e+00 -3.011827498282193672e+06 0.000000000000000000e+00
3.288820428124680895e+00 -3.011827500071449205e+06 0.000000000000000000e+00
3.333110716279953589e+00 -3.011828198654640466e+06 0.000000000000000000e+00
3.284906917670198379e+00 -3.011827496996152215e+06 0.000000000000000000e+00
3.233432848784064451e+00 -3.011828342941555195e+06 0.000000000000000000e+00
3.225005131453552387e+00 -3.011828638309291564e+06 0.000000000000000000e+00
3.490016091051125979e+00 -3.011840445863012224e+06 0.000000000000000000e+00
3.375423299554333845e+00 -3.011830004135787953e+06 0.000000000000000000e+00
3.285815930849937505e+00 -3.011827496861167252e+06 0.000000000000000000e+00
3.247947755872360176e+00 -3.011827937660232652e+06 0.000000000000000000e+00
3.310656999704549630e+00 -3.011827692077877466e+06 0.000000000000000000e+00
3.277963896210032146e+00 -3.011827514980244916e+06 0.000000000000000000e+00
3.148144294385506470e+00 -3.011833363129894715e+06 0.000000000000000000e+00
2.730485686674831491e+00 -3.011920887665368617e+06 0.000000000000000000e+00
3.231067563741438331e+00 -3.011828421385932714e+06 0.000000000000000000e+00
3.282565821315521326e+00 -3.011827499709917232e+06 0.000000000000000000e+00
3.282650145227409944e+00 -3.011827499552992173e+06 0.000000000000000000e+00
3.239966132287939615e+00 -3.011828144321600907e+06 0.000000000000000000e+00
3.243283490430553417e+00 -3.011828053620630410e+06 0.000000000000000000e+00
3.338850394763137608e+00 -3.011828378423638176e+06 0.000000000000000000e+00
4.826193405753638643e+00 -3.012430657575567253e+06 0.000000000000000000e+00
2.688742311491087555e+00 -3.011935027144746855e+06 0.000000000000000000e+00
3.284480283127452438e+00 -3.011827497236707248e+06 0.000000000000000000e+00
3.344126225079528503e+00 -3.011828561711604241e+06 0.000000000000000000e+00
3.263830330634947874e+00 -3.011827644218409434e+06 0.000000000000000000e+00
2.639915958926805306e+00 -3.011952701189585961e+06 0.000000000000000000e+00
3.409496089364379312e+00 -3.011832264212732203e+06 0.000000000000000000e+00
3.344143824142786769e+00 -3.011828562351938337e+06 0.000000000000000000e+00
2.647556253695392936e+00 -3.011949856329152361e+06 0.000000000000000000e+00
3.333578581948166253e+00 -3.011828212542310823e+06 0.000000000000000000e+00
4.176371416188134233e+00 -3.012058354092780501e+06 0.000000000000000000e+00
3.403010404340053086e+00 -3.011831778712484986e+06 0.000000000000000000e+00
4.255809826309747024e+00 -3.012097963088958059e+06 0.000000000000000000e+00
3.246550571898957571e+00 -3.011827970977873541e+06 0.000000000000000000e+00
3.277212575218034107e+00 -3.011827518724016380e+06 0.000000000000000000e+00
3.244035409228724909e+00 -3.011828034012785647e+06 0.000000000000000000e+00
2.972878748314053077e+00 -3.011857661151967943e+06 0.000000000000000000e+00
3.155708318923168498e+00 -3.011832736148713157e+06 0.000000000000000000e+00
1.138400760024765646e+00 -3.012788405251658522e+06 0.000000000000000000e+00
4.624778675549174878e+00 -3.012306670892270282e+06 0.000000000000000000e+00
3.316862424319393376e+00 -3.011827800742697902e+06 0.000000000000000000e+00
3.310915158688136906e+00 -3.011827696121297777e+06 0.000000000000000000e+00
3.283802890290605792e+00 -3.011827497851213906e+06 0.000000000000000000e+00
2.731340825715804943e+00 -3.011920607553539798e+06 0.000000000000000000e+00
3.257933115031281801e+00 -3.011827734869665466e+06 0.000000000000000000e+00
3.292978095418441331e+00 -3.011827513773884624e+06 0.000000000000000000e+00
3.284881230373855932e+00 -3.011827497007432859e+06 0.000000000000000000e+00
3.306121292311259285e+00 -3.011827627797001507e+06 0.000000000000000000e+00
3.273850532688136195e+00 -3.011827539777129889e+06 0.000000000000000000e+00
2.585749326534520165e+00 -3.011973691726675257e+06 0.000000000000000000e+00
3.306121292311259285e+00 -3.011827627797001507e+06 0.000000000000000000e+00
3.285999003590061918e+00 -3.011827496896154247e+06 0.000000000000000000e+00
3.271689315744883420e+00 -3.011827557022483088e+06 0.000000000000000000e+00
3.238112679388427839e+00 -3.011828197974726558e+06 0.000000000000000000e+00
3.229188647940412160e+00 -3.011828486176108941e+06 0.000000000000000000e+00
3.281914651997139387e+00 -3.011827501070659608e+06 0.000000000000000000e+00
3.260615103579734608e+00 -3.011827690961734392e+06 0.000000000000000000e+00
3.332220121674790203e+00 -3.011828172594897449e+06 0.000000000000000000e+00
3.259885238543109409e+00 -3.011827702467737254e+06 0.000000000000000000e+00
3.299639376482744524e+00 -3.011827558137766551e+06 0.000000000000000000e+00
3.347126982787502758e+00 -3.011828673671522178e+06 0.000000000000000000e+00
3.312820448058798828e+00 -3.011827727244324982e+06 0.000000000000000000e+00
3.259885238543109409e+00 -3.011827702467737254e+06 0.000000000000000000e+00
3.297283368747344401e+00 -3.011827539292776957e+06 0.000000000000000000e+00
2.180564083986506141e+00 -3.012170123598068021e+06 0.000000000000000000e+00
3.351098979549444579e+00 -3.011828830465009902e+06 0.000000000000000000e+00
3.315190643109583224e+00 -3.011827769111734815e+06 0.000000000000000000e+00
3.295275402010046317e+00 -3.011827525956423022e+06 0.000000000000000000e+00
3.277225776231464494e+00 -3.011827518655206077e+06 0.000000000000000000e+00
3.250733589998157314e+00 -3.011827874849751126e+06 0.000000000000000000e+00
3.247239151028411985e+00 -3.011827954406201839e+06 0.000000000000000000e+00
4.644916361406984606e+00 -3.012318889047501609e+06 0.000000000000000000e+00
3.304829014043668245e+00 -3.011827611824090593e+06 0.000000000000000000e+00
3.272862226633966642e+00 -3.011827547302835621e+06 0.000000000000000000e+00
3.342146789071287927e+00 -3.011828490917994641e+06 0.000000000000000000e+00
3.213002795385517807e+00 -3.011829135063912719e+06 0.000000000000000000e+00
3.248228831511315473e+00 -3.011827931104208343e+06 0.000000000000000000e+00
3.334362593086050097e+00 -3.011828236118996516e+06 0.000000000000000000e+00
3.814986055139885757e+00 -3.011912629966585897e+06 0.000000000000000000e+00
3.642852789532709412e+00 -3.011866765593051910e+06 0.000000000000000000e+00
3.275969102305112735e+00 -3.011827525691467803e+06 0.000000000000000000e+00
2.891607166934245576e+00 -3.011875147845228668e+06 0.000000000000000000e+00
3.302316890306278729e+00 -3.011827583745023701e+06 0.000000000000000000e+00
3.287263234309935278e+00 -3.011827497706755064e+06 0.000000000000000000e+00
3.282662679385504934e+00 -3.011827499530043919e+06 0.000000000000000000e+00
3.360233154144897760e+00 -3.011829228177471552e+06 0.000000000000000000e+00
3.243845744213583071e+00 -3.011828038925562054e+06 0.000000000000000000e+00
3.290348730162073743e+00 -3.011827503858668730e+06 0.000000000000000000e+00
3.287688851772493148e+00 -3.011827498203312047e+06 0.000000000000000000e+00
3.237809433329493558e+00 -3.011828206956144422e+06 0.000000000000000000e+00
1.445353650799780842e+00 -3.012615001346713398e+06 0.000000000000000000e+00
3.286246385331760944e+00 -3.011827496976546012e+06 0.000000000000000000e+00
3.231624785711288084e+00 -3.011828402592885308e+06 0.000000000000000000e+00
3.178447430108159111e+00 -3.011831063914203085e+06 0.000000000000000000e+00
4.294635742350589425e+00 -3.012118144745117985e+06 0.000000000000000000e+00
3.814986055139885757e+00 -3.011912629966585897e+06 0.000000000000000000e+00
3.525770308555502552e+00 -3.011845348136588931e+06 0.000000000000000000e+00
3.154800894426982527e+00 -3.011832809503174387e+06 0.000000000000000000e+00
3.285936092439668776e+00 -3.011827496881780215e+06 0.000000000000000000e+00
3.243845744213583071e+00 -3.011828038925562054e+06 0.000000000000000000e+00
3.419507117570142363e+00 -3.011833064565471373e+06 0.000000000000000000e+00
3.163525409682178324e+00 -3.011832125265954994e+06 0.000000000000000000e+00
3.287275439850562364e+00 -3.011827497719426174e+06 0.000000000000000000e+00
3.283485361425318327e+00 -3.011827498237505555e+06 0.000000000000000000e+00
4.249942930409708275e+00 -3.012094958820690401e+06 0.000000000000000000e+00
3.137686606510193155e+00 -3.011834288012886420e+06 0.000000000000000000e+00
3.273611514973438386e+00 -3.011827541541501880e+06 0.000000000000000000e+00
3.284496854041351721e+00 -3.011827497225251049e+06 0.000000000000000000e+00
3.319384182063665811e+00 -3.011827851742566563e+06 0.000000000000000000e+00
3.235254995128436395e+00 -3.011828284879799001e+06 0.000000000000000000e+00
3.330306242480758350e+00 -3.011828118260089308e+06 0.000000000000000000e+00
3.260202496553550766e+00 -3.011827697425609455e+06 0.000000000000000000e+00
3.288190939188599060e+00 -3.011827498933931813e+06 0.000000000000000000e+00
4.294635742350589425e+00 -3.012118144745117985e+06 0.000000000000000000e+00
3.299761144883922803e+00 -3.011827559205571190e+06 0.000000000000000000e+00
4.960841229207218817e+00 -3.012514279881424271e+06 0.000000000000000000e+00
3.330602667946061857e+00 -3.011828126526631415e+06 0.000000000000000000e+00
2.933946565068498380e+00 -3.011865556985539384e+06 0.000000000000000000e+00
3.273881800120977736e+00 -3.011827539548949338e+06 0.000000000000000000e+00
3.350480028173441482e+00 -3.011828805388012435e+06 0.000000000000000000e+00
3.356778932881804511e+00 -3.011829071690648329e+06 0.000000000000000000e+00
3.302472141699547059e+00 -3.011827585366564803e+06 0.000000000000000000e+00
3.254112138655427255e+00 -3.011827805148298386e+06 0.000000000000000000e+00
3.278639910207189256e+00 -3.011827511911769398e+06 0.000000000000000000e+00
3.285339851829799596e+00 -3.011827496867768466e+06 0.000000000000000000e+00
2.908733857259941047e+00 -3.011871143265926279e+06 0.000000000000000000e+00
5.310395459182259081e+00 -3.012722200198455248e+06 0.000000000000000000e+00
3.287707832859571688e+00 -3.011827498228081502e+06 0.000000000000000000e+00
4.208064552351839183e+00 -3.012073874588139355e+06 0.000000000000000000e+00
3.211129432290657615e+00 -3.011829220663025044e+06 0.000000000000000000e+00
3.308596289334290841e+00 -3.011827661287495866e+06 0.000000000000000000e+00
1.957031216127556039e+00 -3.012300256741429213e+06 0.000000000000000000e+00
3.278238370090226006e+00 -3.011827513700116426e+06 0.000000000000000000e+00
3.275045686666843814e+00 -3.011827531487774104e+06 0.000000000000000000e+00
3.266805394915710536e+00 -3.011827606692233123e+06 0.000000000000000000e+00
4.509664449719307910e+00 -3.012238086987114977e+06 0.000000000000000000e+00
3.451173805381444026e+00 -3.011836002547611017e+06 0.000000000000000000e+00
3.280883918829894164e+00 -3.011827503763666842e+06 0.000000000000000000e+00
3.308624183748743341e+00 -3.011827661686656065e+06 0.000000000000000000e+00
3.351098979549444579e+00 -3.011828830465009902e+06 0.000000000000000000e+00
3.248766451242991682e+00 -3.011827918701130897e+06 0.000000000000000000e+00
2.585964702118252134e+00 -3.011973605459244456e+06 0.000000000000000000e+00
3.262700758715006977e+00 -3.011827659907831810e+06 0.000000000000000000e+00
3.283546011174886203e+00 -3.011827498158876784e+06 0.000000000000000000e+00
3.221257079821524094e+00 -3.011828783834467642e+06 0.000000000000000000e+00
3.308984216574106352e+00 -3.011827666882025078e+06 0.000000000000000000e+00
3.457817431713513301e+00 -3.011836697101254947e+06 0.000000000000000000e+00
3.293365686987155261e+00 -3.011827515599099454e+06 0.000000000000000000e+00
3.285936092439668776e+00 -3.011827496881780215e+06 0.000000000000000000e+00
3.283232247746487698e+00 -3.011827498590348288e+06 0.000000000000000000e+00
3.207882192786102760e+00 -3.011829374194594100e+06 0.000000000000000000e+00
3.283416966527043179e+00 -3.011827498328919522e+06 0.000000000000000000e+00
3.204016935503972263e+00 -3.011829565469594672e+06 0.000000000000000000e+00
3.165331845271967204e+00 -3.011831989462740719e+06 0.000000000000000000e+00
3.250977926056745293e+00 -3.011827869570947252e+06 0.000000000000000000e+00
3.290866560816806619e+00 -3.011827505471368320e+06 0.000000000000000000e+00
3.282094014438317053e+00 -3.011827500669531524e+06 0.000000000000000000e+00
3.289342984601594466e+00 -3.011827501202941872e+06 0.000000000000000000e+00
2.775440854587044370e+00 -3.011906690824387595e+06 0.000000000000000000e+00
3.260823778151165975e+00 -3.011827687732955441e+06 0.000000000000000000e+00
3.360613677128482024e+00 -3.011829245868872851e+06 0.000000000000000000e+00
3.287049612299063561e+00 -3.011827497499992140e+06 0.000000000000000000e+00
3.308680958765275459e+00 -3.011827662500581704e+06 0.000000000000000000e+00
3.279372094778895352e+00 -3.011827508908953518e+06 0.000000000000000000e+00
3.287150512545572223e+00 -3.011827497594116256e+06 0.000000000000000000e+00
3.341594237921321486e+00 -3.011828471590617672e+06 0.000000000000000000e+00
3.204016935503972263e+00 -3.011829565469594672e+06 0.000000000000000000e+00
3.206772248383418678e+00 -3.011829428172949236e+06 0.000000000000000000e+00
3.321611129712943367e+00 -3.011827900066905655e+06 0.000000000000000000e+00
3.481420079102118592e+00 -3.011839383117619902e+06 0.000000000000000000e+00
3.234359338148920848e+00 -3.011828313161738217e+06 0.000000000000000000e+00
3.330432717170734414e+00 -3.011828121780465357e+06 0.000000000000000000e+00
3.265765498009011836e+00 -3.011827619183379225e+06 0.000000000000000000e+00
3.241765083400805825e+00 -3.011828094287281856e+06 0.000000000000000000e+00
3.270934860681710799e+00 -3.011827563726624474e+06 0.000000000000000000e+00
2.852725522054678997e+00 -3.011884862560877576e+06 0.000000000000000000e+00
3.303772557401227328e+00 -3.011827599537479691e+06 0.000000000000000000e+00
3.291364494820378184e+00 -3.011827507179385982e+06 0.000000000000000000e+00
3.258273631880994614e+00 -3.011827729047072586e+06 0.000000000000000000e+00
3.244214254970397171e+00 -3.011828029400731437e+06 0.000000000000000000e+00
3.337741749856357298e+00 -3.011828342105936259e+06 0.000000000000000000e+00
3.338081824527123320e+00 -3.011828353165154345e+06 0.000000000000000000e+00
3.341086990124356948e+00 -3.011828454014791176e+06 0.000000000000000000e+00
3.193132469740072032e+00 -3.011830153843369335e+06 0.000000000000000000e+00
2.905632693906334385e+00 -3.011871855840253644e+06 0.000000000000000000e+00
3.218346579574984823e+00 -3.011828902854296379e+06 0.000000000000000000e+00
1.106902671933117421e+00 -3.012804659212367609e+06 0.000000000000000000e+00
3.719919260954950069e+00 -3.011885239987535868e+06 0.000000000000000000e+00
3.027931317087148244e+00 -3.011848029257065617e+06 0.000000000000000000e+00
3.438088564376447387e+00 -3.011834713768559508e+06 0.000000000000000000e+00
3.375423299554333845e+00 -3.011830004135787953e+06 0.000000000000000000e+00
3.888481187849405885e+00 -3.011937141910566948e+06 0.000000000000000000e+00
3.191625758844804928e+00 -3.011830241073193494e+06 0.000000000000000000e+00
3.212823949530844381e+00 -3.011829143141882494e+06 0.000000000000000000e+00
3.343891824238606425e+00 -3.011828553201380186e+06 0.000000000000000000e+00
3.320206318287535208e+00 -3.011827869223828427e+06 0.000000000000000000e+00
3.232936167217558943e+00 -3.011828359125731513e+06 0.000000000000000000e+00
3.294999602772984648e+00 -3.011827524320499972e+06 0.000000000000000000e+00
2.978794348431475392e+00 -3.011856539621370845e+06 0.000000000000000000e+00
3.459549677299610604e+00 -3.011836882644167170e+06 0.000000000000000000e+00
3.412634296602266026e+00 -3.011832508451311849e+06 0.000000000000000000e+00
3.388666986696926564e+00 -3.011830797297960147e+06 0.000000000000000000e+00
2.998840460389593510e+00 -3.011852893614144996e+06 0.000000000000000000e+00
3.276854994259818632e+00 -3.011827520629115403e+06 0.000000000000000000e+00
3.319999092810902663e+00 -3.011827864777945913e+06 0.000000000000000000e+00
3.254234477634343925e+00 -3.011827802757490426e+06 0.000000000000000000e+00
3.247407796058075835e+00 -3.011827950392433442e+06 0.000000000000000000e+00
3.265473674583941222e+00 -3.011827622809565160e+06 0.000000000000000000e+00
3.256837104427705576e+00 -3.011827754100075923e+06 0.000000000000000000e+00
3.320265251588150335e+00 -3.011827870493077673e+06 0.000000000000000000e+00
3.330868509164953029e+00 -3.011828133986692410e+06 0.000000000000000000e+00
3.279626757153782268e+00 -3.011827507942688651e+06 0.000000000000000000e+00
3.294475628030113956e+00 -3.011827521342816763e+06 0.000000000000000000e+00
3.301415543007185427e+00 -3.011827574626914226e+06 0.000000000000000000e+00
3.616260437277952544e+00 -3.011861188597479369e+06 0.000000000000000000e+00
3.478524817872229224e+00 -3.011839035314074252e+06 0.000000000000000000e+00
3.409496089364379312e+00 -3.011832264212732203e+06 0.000000000000000000e+00
3.216198609026864386e+00 -3.011828994063063525e+06 0.000000000000000000e+00
3.295028517455050654e+00 -3.011827524489790201e+06 0.000000000000000000e+00
3.247195093969768909e+00 -3.011827955457676202e+06 0.000000000000000000e+00
2.853424845842411628e+00 -3.011884680249776691e+06 0.000000000000000000e+00
3.104261736265000238e+00 -3.011837694719441701e+06 0.000000000000000000e+00
3.243283490430553417e+00 -3.011828053620630410e+06 0.000000000000000000e+00
3.273316102580318354e+00 -3.011827543771257624e+06 0.000000000000000000e+00
3.283040304926804875e+00 -3.011827498884483241e+06 0.000000000000000000e+00
3.288324836763463210e+00 -3.011827499155255500e+06 0.000000000000000000e+00
3.281996697830578569e+00 -3.011827500884688459e+06 0.000000000000000000e+00
2.694397709870703927e+00 -3.011933058477657847e+06 0.000000000000000000e+00
3.478524817872229224e+00 -3.011839035314074252e+06 0.000000000000000000e+00
3.284981149342152129e+00 -3.011827496965859085e+06 0.000000000000000000e+00
3.283654861145615556e+00 -3.011827498023496941e+06 0.000000000000000000e+00
3.211884098404955257e+00 -3.011829185918429866e+06 0.000000000000000000e+00
4.138745386648693625e+00 -3.012040439401005395e+06 0.000000000000000000e+00
3.287991227343341372e+00 -3.011827498624539003e+06 0.000000000000000000e+00
3.332817021028811499e+00 -3.011828190006351098e+06 0.000000000000000000e+00
3.274208266570824755e+00 -3.011827537202803884e+06 0.000000000000000000e+00
3.207408277927317197e+00 -3.011829397148377262e+06 0.000000000000000000e+00
2.744355712890359733e+00 -3.011916392209926154e+06 0.000000000000000000e+00
2.775440854587044370e+00 -3.011906690824387595e+06 0.000000000000000000e+00
3.212091935879115123e+00 -3.011829176411694847e+06 0.000000000000000000e+00
3.291220711130319554e+00 -3.011827506670342758e+06 0.000000000000000000e+00
3.316141925714153782e+00 -3.011827786897452082e+06 0.000000000000000000e+00
3.274005890346535885e+00 -3.011827538649368100e+06 0.000000000000000000e+00
3.270934860681710799e+00 -3.011827563726624474e+06 0.000000000000000000e+00
3.310886564680336708e+00 -3.011827695671402849e+06 0.000000000000000000e+00
3.281860268634658517e+00 -3.011827501196236350e+06 0.000000000000000000e+00
3.355400935264574169e+00 -3.011829011328471825e+06 0.000000000000000000e+00
4.647119556136093621e+00 -3.012320229096002877e+06 0.000000000000000000e+00
3.246675894786656080e+00 -3.011827967939858790e+06 0.000000000000000000e+00
3.308624183748743341e+00 -3.011827661686656065e+06 0.000000000000000000e+00
3.315798368978537525e+00 -3.011827780409223400e+06 0.000000000000000000e+00
3.599207184861802133e+00 -3.011857830827446654e+06 0.000000000000000000e+00
4.411361855910381102e+00 -3.012181699823031202e+06 0.000000000000000000e+00
5.163950748444247729e+00 -3.012637719051687978e+06 0.000000000000000000e+00
3.438099470379154976e+00 -3.011834714798906818e+06 0.000000000000000000e+00
3.168512621822078934e+00 -3.011831755237718113e+06 0.000000000000000000e+00
3.272838914593316773e+00 -3.011827547487683594e+06 0.000000000000000000e+00
3.286121281860769461e+00 -3.011827496931133792e+06 0.000000000000000000e+00
3.243452778999849073e+00 -3.011828049175434746e+06 0.000000000000000000e+00
3.303104783330331973e+00 -3.011827592129246332e+06 0.000000000000000000e+00
3.282473363569486047e+00 -3.011827499887061305e+06 0.000000000000000000e+00
3.379616838061412665e+00 -3.011830243538045324e+06 0.000000000000000000e+00
2.248232213254379275e+00 -3.012133188801086508e+06 0.000000000000000000e+00
3.370498633766195073e+00 -3.011829736902541481e+06 0.000000000000000000e+00
3.539980688126090680e+00 -3.011847511343751103e+06 0.000000000000000000e+00
2.775440854587044370e+00 -3.011906690824387595e+06 0.000000000000000000e+00
3.124321701318482525e+00 -3.011835567924235482e+06 0.000000000000000000e+00
3.301469822137082843e+00 -3.011827575161710847e+06 0.000000000000000000e+00
3.220932007929083518e+00 -3.011828796866918914e+06 0.000000000000000000e+00
3.864701881475034018e+00 -3.011928901702262461e+06 0.000000000000000000e+00
6.496350959338093034e-02 -3.013069439858700149e+06 0.000000000000000000e+00
3.334533890111400556e+00 -3.011828241321047768e+06 0.000000000000000000e+00
3.294783847279312727e+00 -3.011827523073709570e+06 0.000000000000000000e+00
3.287688851772493148e+00 -3.011827498203312047e+06 0.000000000000000000e+00
3.123063349604519257e+00 -3.011835694083900191e+06 0.000000000000000000e+00
3.199821933979762001e+00 -3.011829783541948535e+06 0.000000000000000000e+00
3.324805183681651677e+00 -3.011827974758168682e+06 0.000000000000000000e+00
3.290866560816806619e+00 -3.011827505471368320e+06 0.000000000000000000e+00
3.247947755872360176e+00 -3.011827937660232652e+06 0.000000000000000000e+00
3.290348730162073743e+00 -3.011827503858668730e+06 0.000000000000000000e+00
3.310991083489995379e+00 -3.011827697318357415e+06 0.000000000000000000e+00
3.250733589998157314e+00 -3.011827874849751126e+06 0.000000000000000000e+00
3.283239416033175484e+00 -3.011827498579807580e+06 0.000000000000000000e+00
3.271578964778515175e+00 -3.011827557980968617e+06 0.000000000000000000e+00
3.866719968354924486e+00 -3.011929589661843143e+06 0.000000000000000000e+00
3.220267806692754142e+00 -3.011828823699301574e+06 0.000000000000000000e+00
3.246715786044894081e+00 -3.011827966974883340e+06 0.000000000000000000e+00
3.012863813095072896e+00 -3.011850485449623782e+06 0.000000000000000000e+00
3.409371524749270410e+00 -3.011832254643592052e+06 0.000000000000000000e+00
3.186432001382290657e+00 -3.011830552534601651e+06 0.000000000000000000e+00
3.284743886614429176e+00 -3.011827497074712068e+06 0.000000000000000000e+00
3.324222412805755145e+00 -3.011827960657491349e+06 0.000000000000000000e+00
2.906554595302385025e+00 -3.011871643428506330e+06 0.000000000000000000e+00
3.180947337254443674e+00 -3.011830899564347230e+06 0.000000000000000000e+00
2.609168867967450289e+00 -3.011964441285790876e+06 0.000000000000000000e+00
3.539980688126090680e+00 -3.011847511343751103e+06 0.000000000000000000e+00
3.465333058753092388e+00 -3.011837515418550931e+06 0.000000000000000000e+00
3.267902630372046868e+00 -3.011827594241418876e+06 0.000000000000000000e+00
3.254234477634343925e+00 -3.011827802757490426e+06 0.000000000000000000e+00
3.378403241079194430e+00 -3.011830173135945108e+06 0.000000000000000000e+00
1.605812262239449506e+00 -3.012517091688992456e+06 0.000000000000000000e+00
4.036318095472306133e+00 -3.011994675401673652e+06 0.000000000000000000e+00
3.403424650757362890e+00 -3.011831808945297264e+06 0.000000000000000000e+00
2.625014290654367866e+00 -3.011958333096344490e+06 0.000000000000000000e+00
3.316141925714153782e+00 -3.011827786897452082e+06 0.000000000000000000e+00
3.448987854604022019e+00 -3.011835779937283602e+06 0.000000000000000000e+00
2.980142826156157998e+00 -3.011856286867761053e+06 0.000000000000000000e+00
3.296536928849631565e+00 -3.011827534042321146e+06 0.000000000000000000e+00
3.351275274505662427e+00 -3.011828837651156355e+06 0.000000000000000000e+00
3.284636623648359954e+00 -3.011827497135414742e+06 0.000000000000000000e+00
3.337673925236726902e+00 -3.011828339908873197e+06 0.000000000000000000e+00
3.286304723512513348e+00 -3.011827497001050506e+06 0.000000000000000000e+00
3.579946218493917254e+00 -3.011854245303531643e+06 0.000000000000000000e+00
3.282893104168352227e+00 -3.011827499125578906e+06 0.000000000000000000e+00
1.015497864632329605e+00 -3.012849775426236913e+06 0.000000000000000000e+00
2.749677368983714842e+00 -3.011914694565645419e+06 0.000000000000000000e+00
3.293008561068709206e+00 -3.011827513913967181e+06 0.000000000000000000e+00
3.276064474238752577e+00 -3.011827525123029016e+06 0.000000000000000000e+00
2.540775278363150758e+00 -3.011992183108009864e+06 0.000000000000000000e+00
5.001281396242108102e+00 -3.012539234447836876e+06 0.000000000000000000e+00
3.609792290279548066e+00 -3.011859894834119361e+06 0.000000000000000000e+00
3.282079913747005140e+00 -3.011827500700342469e+06 0.000000000000000000e+00
3.318253594389350525e+00 -3.011827828388784546e+06 0.000000000000000000e+00
3.302316890306278729e+00 -3.011827583745023701e+06 0.000000000000000000e+00
3.885038172212008867e+00 -3.011935930761283264e+06 0.000000000000000000e+00
3.266492111632835371e+00 -3.011827610384588130e+06 0.000000000000000000e+00
3.313541003367790783e+00 -3.011827739602809772e+06 0.000000000000000000e+00
3.308984216574106352e+00 -3.011827666882025078e+06 0.000000000000000000e+00
3.436888419402829520e+00 -3.011834600831342395e+06 0.000000000000000000e+00
3.593139699527667652e+00 -3.011856677591816988e+06 0.000000000000000000e+00
2.275038696354477530e+00 -3.012118948322696611e+06 0.000000000000000000e+00
3.252354988817421244e+00 -3.011827840513855219e+06 0.000000000000000000e+00
2.622720591075625052e+00 -3.011959209688917268e+06 0.000000000000000000e+00
4.355875636568517173e+00 -3.012150979955182411e+06 0.000000000000000000e+00
3.316141925714153782e+00 -3.011827786897452082e+06 0.000000000000000000e+00
3.283666093763951022e+00 -3.011827498009946197e+06 0.000000000000000000e+00
3.256999596062310598e+00 -3.011827751201873645e+06 0.000000000000000000e+00
3.258524950345921933e+00 -3.011827724795944057e+06 0.000000000000000000e+00
3.324222412805755145e+00 -3.011827960657491349e+06 0.000000000000000000e+00
3.310886564680336708e+00 -3.011827695671402849e+06 0.000000000000000000e+00
3.263830330634947874e+00 -3.011827644218409434e+06 0.000000000000000000e+00
2.956679570510265087e+00 -3.011860838212503120e+06 0.000000000000000000e+00
3.172450220682228039e+00 -3.011831473938929383e+06 0.000000000000000000e+00
3.124321701318482525e+00 -3.011835567924235482e+06 0.000000000000000000e+00
3.177894104520178509e+00 -3.011831100813534111e+06 0.000000000000000000e+00
3.315620719070101252e+00 -3.011827777083002497e+06 0.000000000000000000e+00
3.285259696344758673e+00 -3.011827496882744133e+06 0.000000000000000000e+00
3.317642702932591448e+00 -3.011827816100664437e+06 0.000000000000000000e+00
3.305013563255379871e+00 -3.011827614041609690e+06 0.000000000000000000e+00
3.375423299554333845e+00 -3.011830004135787953e+06 0.000000000000000000e+00
4.224914657483859415e+00 -3.012082280871160328e+06 0.000000000000000000e+00
3.995975007137264612e+00 -3.011977933844728395e+06 0.000000000000000000e+00
3.237809433329493558e+00 -3.011828206956144422e+06 0.000000000000000000e+00
3.290405532602037830e+00 -3.011827504027427174e+06 0.000000000000000000e+00
3.248828802054604559e+00 -3.011827917274300940e+06 0.000000000000000000e+00
3.284698248686321431e+00 -3.011827497099665459e+06 0.000000000000000000e+00
2.988677008904194743e+00 -3.011854712284661829e+06 0.000000000000000000e+00
3.282979110805873457e+00 -3.011827498983074445e+06 0.000000000000000000e+00
3.307095582575465986e+00 -3.011827640526067000e+06 0.000000000000000000e+00
3.213464502989093585e+00 -3.011829114301591646e+06 0.000000000000000000e+00
3.279850566450409843e+00 -3.011827507126789540e+06 0.000000000000000000e+00
3.298628704920444576e+00 -3.011827549630921800e+06 0.000000000000000000e+00
3.265473674583941222e+00 -3.011827622809565160e+06 0.000000000000000000e+00
3.338979096442334260e+00 -3.011828382689182647e+06 0.000000000000000000e+00
3.272187541415321199e+00 -3.011827552789277397e+06 0.000000000000000000e+00
3.291364494820378184e+00 -3.011827507179385982e+06 0.000000000000000000e+00
3.286851302969254540e+00 -3.011827497333453968e+06 0.000000000000000000e+00
3.381800117356116964e+00 -3.011830372488496825e+06 0.000000000000000000e+00
3.294147580374915840e+00 -3.011827519565476105e+06 0.000000000000000000e+00
3.263830330634947874e+00 -3.011827644218409434e+06 0.000000000000000000e+00
3.308984216574106352e+00 -3.011827666882025078e+06 0.000000000000000000e+00
3.212212038377942225e+00 -3.011829170930278022e+06 0.000000000000000000e+00
3.313541003367790783e+00 -3.011827739602809772e+06 0.000000000000000000e+00
3.287442155123672549e+00 -3.011827497901771218e+06 0.000000000000000000e+00
3.237184818056101587e+00 -3.011828225635763258e+06 0.000000000000000000e+00
3.273948081930987630e+00 -3.011827539067253470e+06 0.000000000000000000e+00
1.755974841792883545e+00 -3.012423840565165505e+06 0.000000000000000000e+00
3.106011557259829026e+00 -3.011837499387439340e+06 0.000000000000000000e+00
3.308541087969250061e+00 -3.011827660499009304e+06 0.000000000000000000e+00
3.557895307949768604e+00 -3.011850411584707443e+06 0.000000000000000000e+00
3.284876430049985085e+00 -3.011827497009586543e+06 0.000000000000000000e+00
3.280222254099881773e+00 -3.011827505840627942e+06 0.000000000000000000e+00
3.289342984601594466e+00 -3.011827501202941872e+06 0.000000000000000000e+00
3.331721702453141365e+00 -3.011828158225676045e+06 0.000000000000000000e+00
3.836094738410132265e+00 -3.011919378944073804e+06 0.000000000000000000e+00
3.248471411736072234e+00 -3.011827925485555548e+06 0.000000000000000000e+00
3.247195093969768909e+00 -3.011827955457676202e+06 0.000000000000000000e+00
3.358867804149055836e+00 -3.011829165438388009e+06 0.000000000000000000e+00
3.247145911829742104e+00 -3.011827956632891670e+06 0.000000000000000000e+00
3.279456639707644339e+00 -3.011827508583692368e+06 0.000000000000000000e+00
3.259885238543109409e+00 -3.011827702467737254e+06 0.000000000000000000e+00
3.347726097024507297e+00 -3.011828696694249287e+06 0.000000000000000000e+00
3.285636634025331126e+00 -3.011827496847106144e+06 0.000000000000000000e+00
3.211884098404955257e+00 -3.011829185918429866e+06 0.000000000000000000e+00
3.265473674583941222e+00 -3.011827622809565160e+06 0.000000000000000000e+00
3.304569890002109211e+00 -3.011827608746235259e+06 0.000000000000000000e+00
2.487076907790455760e+00 -3.012015469451309182e+06 0.000000000000000000e+00
3.980387087960401971e+00 -3.011971669237430673e+06 0.000000000000000000e+00
3.218746097161651942e+00 -3.011828886205444112e+06 0.000000000000000000e+00
3.286690697534704331e+00 -3.011827497216504999e+06 0.000000000000000000e+00
3.223410538183942187e+00 -3.011828699156618677e+06 0.000000000000000000e+00
3.267295711345966414e+00 -3.011827601035872474e+06 0.000000000000000000e+00
3.630407940257713850e+00 -3.011864104099221993e+06 0.000000000000000000e+00
2.426890155482088751e+00 -3.012043053076060489e+06 0.000000000000000000e+00
5.060415629657289749e+00 -3.012575449036670383e+06 0.000000000000000000e+00
4.702122054523996120e+00 -3.012353869635423645e+06 0.000000000000000000e+00
3.533917545648664671e+00 -3.011846573475481011e+06 0.000000000000000000e+00
