# phi_mrg_22 logL logPrior
3.601514012819910793e+00 -1.102010630930858664e+06 0.000000000000000000e+00
3.567160749069497871e+00 -2.515910061655506142e+05 0.000000000000000000e+00
3.572747247211392363e+00 -2.174374848156037333e+05 0.000000000000000000e+00
3.572792835434239755e+00 -2.174343102931524627e+05 0.000000000000000000e+00
3.571775103612802038e+00 -2.185669152765574981e+05 0.000000000000000000e+00
3.572803002624201696e+00 -2.174342106357791054e+05 0.000000000000000000e+00
3.572796674674763029e+00 -2.174342465902573895e+05 0.000000000000000000e+00
3.572798132605550681e+00 -2.174342306871216861e+05 0.000000000000000000e+00
3.572817557744558670e+00 -2.174344541197959916e+05 0.000000000000000000e+00
3.573790300505241380e+00 -2.184813470972777868e+05 0.000000000000000000e+00
3.573128232907913038e+00 -2.175480813879683556e+05 0.000000000000000000e+00
3.572814981798603462e+00 -2.174343779139651451e+05 0.000000000000000000e+00
3.572800292245993159e+00 -2.174342155137207883e+05 0.000000000000000000e+00
3.572798756284920163e+00 -2.174342252772144566e+05 0.000000000000000000e+00
3.583654528378085402e+00 -3.438121638218507869e+05 0.000000000000000000e+00
3.572803350901141872e+00 -2.174342111521375773e+05 0.000000000000000000e+00
3.572814981798603462e+00 -2.174343779139651451e+05 0.000000000000000000e+00
3.572801720776869860e+00 -2.174342109776788275e+05 0.000000000000000000e+00
3.572781779459390794e+00 -2.174346704646369326e+05 0.000000000000000000e+00
3.572801743969218347e+00 -2.174342109401713242e+05 0.000000000000000000e+00
3.572873092097731185e+00 -2.174395601467598462e+05 0.000000000000000000e+00
3.572965832728822289e+00 -2.174628437960982847e+05 0.000000000000000000e+00
3.890481223933936583e+00 -1.076098046510693282e+08 0.000000000000000000e+00
3.582921695443932020e+00 -3.273201388700850075e+05 0.000000000000000000e+00
3.572796849734357405e+00 -2.174342444397028594e+05 0.000000000000000000e+00
3.572732622091397747e+00 -2.174394482597699680e+05 0.000000000000000000e+00
3.572819268502915424e+00 -2.174345126000550226e+05 0.000000000000000000e+00
3.902657583162740806e+00 -1.159239128932494819e+08 0.000000000000000000e+00
3.572393436732881788e+00 -2.176137679509445443e+05 0.000000000000000000e+00
3.535396224205606064e+00 -1.718814096721107606e+06 0.000000000000000000e+00
3.597020261332608548e+00 -8.467952909144819714e+05 0.000000000000000000e+00
3.518296503399910513e+00 -3.404811245195260271e+06 0.000000000000000000e+00
3.576693139747201489e+00 -2.336783695835501421e+05 0.000000000000000000e+00
3.579016573656366162e+00 -2.588728960476012726e+05 0.000000000000000000e+00
1.368950777597764512e+00 -3.416230313037483692e+09 0.000000000000000000e+00
3.525376780118095521e+00 -2.630664792787883431e+06 0.000000000000000000e+00
3.572788458539126299e+00 -2.174344215081494767e+05 0.000000000000000000e+00
3.572976333495035295e+00 -2.174666435353322304e+05 0.000000000000000000e+00
3.572798505662339696e+00 -2.174342273508258513e+05 0.000000000000000000e+00
3.572801347423765428e+00 -2.174342117404311430e+05 0.000000000000000000e+00
3.519631940861783548e+00 -3.250574676041693427e+06 0.000000000000000000e+00
3.572817915938157007e+00 -2.174344658443107619e+05 0.000000000000000000e+00
3.572804875254173673e+00 -2.174342164754627738e+05 0.000000000000000000e+00
3.572803862776110950e+00 -2.174342123835374368e+05 0.000000000000000000e+00
3.572801476576097812e+00 -2.174342114427315828e+05 0.000000000000000000e+00
3.572801914346655838e+00 -2.174342106999853859e+05 0.000000000000000000e+00
3.465043952437256713e+00 -1.266646875288978964e+07 0.000000000000000000e+00
3.572748274521960976e+00 -2.174373641534690687e+05 0.000000000000000000e+00
3.595528037336173099e+00 -7.716294394557687920e+05 0.000000000000000000e+00
3.575973469053501663e+00 -2.282246738799121813e+05 0.000000000000000000e+00
3.576756486229011767e+00 -2.342116403749248129e+05 0.000000000000000000e+00
3.572935402639839442e+00 -2.174531691772078630e+05 0.000000000000000000e+00
3.572802488146402666e+00 -2.174342103493375471e+05 0.000000000000000000e+00
3.572808129417721190e+00 -2.174342445268715965e+05 0.000000000000000000e+00
3.572817697171100537e+00 -2.174344586508186185e+05 0.000000000000000000e+00
3.484817143218818636e+00 -8.519632222145710140e+06 0.000000000000000000e+00
3.572869878584752801e+00 -2.174390842554563424e+05 0.000000000000000000e+00
3.572778332404350721e+00 -2.174348364084076020e+05 0.000000000000000000e+00
3.572830263883518320e+00 -2.174350383900427260e+05 0.000000000000000000e+00
3.525564689975074995e+00 -2.611582850686138030e+06 0.000000000000000000e+00
3.752877420314991497e+00 -3.492189152606618404e+07 0.000000000000000000e+00
3.573115569751884824e+00 -2.175394001761737745e+05 0.000000000000000000e+00
3.568585801899576193e+00 -2.365149014388072537e+05 0.000000000000000000e+00
3.572735738184255716e+00 -2.174389914337615483e+05 0.000000000000000000e+00
3.572811839513819532e+00 -2.174343042361201369e+05 0.000000000000000000e+00
3.572834528489769568e+00 -2.174353121570023359e+05 0.000000000000000000e+00
3.725196305727322077e+00 -2.509149337822720408e+07 0.000000000000000000e+00
3.572586675454525462e+00 -2.174841905321729137e+05 0.000000000000000000e+00
3.572866750555535820e+00 -2.174386423106885632e+05 0.000000000000000000e+00
3.572802083898413805e+00 -2.174342105228196015e+05 0.000000000000000000e+00
3.572878368648354730e+00 -2.174403896290767007e+05 0.000000000000000000e+00
3.572825964179774161e+00 -2.174348018869578955e+05 0.000000000000000000e+00
3.572800702122881589e+00 -2.174342137641729787e+05 0.000000000000000000e+00
3.572814057220003559e+00 -2.174343540347749949e+05 0.000000000000000000e+00
3.572805116364619504e+00 -2.174342177742692875e+05 0.000000000000000000e+00
3.583943625387425946e+00 -3.506351662432691664e+05 0.000000000000000000e+00
3.583654528378085402e+00 -3.438121638218507869e+05 0.000000000000000000e+00
3.573097194174285729e+00 -2.175274148855202366e+05 0.000000000000000000e+00
3.572792897830546544e+00 -2.174343090049417224e+05 0.000000000000000000e+00
3.572671179776349515e+00 -2.174527125367402623e+05 0.000000000000000000e+00
3.572586542759700112e+00 -2.174842520134248189e+05 0.000000000000000000e+00
3.550435329388060168e+00 -7.542880535481480183e+05 0.000000000000000000e+00
3.572814635424717888e+00 -2.174343687532071781e+05 0.000000000000000000e+00
3.508590894580283504e+00 -4.640569844243966043e+06 0.000000000000000000e+00
3.572816788009296474e+00 -2.174344298562546028e+05 0.000000000000000000e+00
3.386543388900997265e+00 -3.733946084867621958e+07 0.000000000000000000e+00
3.545303185532361123e+00 -1.028896869413142907e+06 0.000000000000000000e+00
3.572843955284124906e+00 -2.174360558160078363e+05 0.000000000000000000e+00
3.573939097334700943e+00 -2.188205720549487160e+05 0.000000000000000000e+00
3.572771733159558760e+00 -2.174352252473225235e+05 0.000000000000000000e+00
3.571892983056319526e+00 -2.183218992322080885e+05 0.000000000000000000e+00
3.573450568777956526e+00 -2.178849373711830121e+05 0.000000000000000000e+00
3.572790752522509994e+00 -2.174343580914380727e+05 0.000000000000000000e+00
3.572808967366895239e+00 -2.174342554298737668e+05 0.000000000000000000e+00
3.572803422349193347e+00 -2.174342112902473309e+05 0.000000000000000000e+00
3.575713016712013914e+00 -2.265248970319890941e+05 0.000000000000000000e+00
3.572802444098257091e+00 -2.174342103512139875e+05 0.000000000000000000e+00
3.572798494417043891e+00 -2.174342274470265838e+05 0.000000000000000000e+00
3.536959662594400644e+00 -1.595946191669018008e+06 0.000000000000000000e+00
3.572675345911529021e+00 -2.174515570732429042e+05 0.000000000000000000e+00
3.572990163440839417e+00 -2.174720090502799721e+05 0.000000000000000000e+00
3.573049282130067450e+00 -2.174995729601908242e+05 0.000000000000000000e+00
3.572836576872918446e+00 -2.174354575303330785e+05 0.000000000000000000e+00
3.573265361338731516e+00 -2.176641324615078629e+05 0.000000000000000000e+00
3.572768967928718009e+00 -2.174354159681534511e+05 0.000000000000000000e+00
3.572825964179774161e+00 -2.174348018869578955e+05 0.000000000000000000e+00
3.572739961408148979e+00 -2.174384055622316664e+05 0.000000000000000000e+00
3.572782241607234788e+00 -2.174346501552514674e+05 0.000000000000000000e+00
3.542983384961941429e+00 -1.171568553231414407e+06 0.000000000000000000e+00
3.572899487981407773e+00 -2.174443078536386311e+05 0.000000000000000000e+00
3.572827991704756734e+00 -2.174349084661640227e+05 0.000000000000000000e+00
3.576681362302489120e+00 -2.335801727798857610e+05 0.000000000000000000e+00
3.572815916299073358e+00 -2.174344039137715881e+05 0.000000000000000000e+00
3.580885217640171536e+00 -2.875420482875589514e+05 0.000000000000000000e+00
3.574006513334196722e+00 -2.189899082821400079e+05 0.000000000000000000e+00
3.572731950729016059e+00 -2.174395494116696063e+05 0.000000000000000000e+00
3.572802757803934082e+00 -2.174342104286286631e+05 0.000000000000000000e+00
3.585035747633870340e+00 -3.780291032838072279e+05 0.000000000000000000e+00
3.575031085091333605e+00 -2.227640770113860490e+05 0.000000000000000000e+00
3.579702610583890277e+00 -2.685276052738638246e+05 0.000000000000000000e+00
3.572886217796422681e+00 -2.174417340877715906e+05 0.000000000000000000e+00
3.572818027472607572e+00 -2.174344695513161714e+05 0.000000000000000000e+00
3.572748553723179565e+00 -2.174373317515198432e+05 0.000000000000000000e+00
3.572852153924258367e+00 -2.174368576609561569e+05 0.000000000000000000e+00
3.572916996654264210e+00 -2.174482819853974506e+05 0.000000000000000000e+00
3.573049282130067450e+00 -2.174995729601908242e+05 0.000000000000000000e+00
3.571775342453324509e+00 -2.185663886870911811e+05 0.000000000000000000e+00
3.574147185350920797e+00 -2.193746625859673368e+05 0.000000000000000000e+00
3.573071464846250933e+00 -2.175118509605926811e+05 0.000000000000000000e+00
3.639251581303561967e+00 -4.954080490674750879e+06 0.000000000000000000e+00
3.572810851630144224e+00 -2.174342854515049257e+05 0.000000000000000000e+00
3.572881793964833186e+00 -2.174409600808133255e+05 0.000000000000000000e+00
3.572795359309683505e+00 -2.174342648529584403e+05 0.000000000000000000e+00
3.572758148966437730e+00 -2.174363198778450605e+05 0.000000000000000000e+00
3.572802238156310928e+00 -2.174342104152364191e+05 0.000000000000000000e+00
3.572771156848066898e+00 -2.174352636423648219e+05 0.000000000000000000e+00
3.583829002982691136e+00 -3.479084934741182951e+05 0.000000000000000000e+00
3.572829718197859883e+00 -2.174350061765487480e+05 0.000000000000000000e+00
3.572826360433660309e+00 -2.174348220228338614e+05 0.000000000000000000e+00
3.502174769050567793e+00 -5.568279724794093519e+06 0.000000000000000000e+00
3.572807363590241536e+00 -2.174342358803196985e+05 0.000000000000000000e+00
3.563543695890830865e+00 -3.094278897965771030e+05 0.000000000000000000e+00
3.573450568777956526e+00 -2.178849373711830121e+05 0.000000000000000000e+00
3.572801500754595683e+00 -2.174342113909773761e+05 0.000000000000000000e+00
3.572752937149804353e+00 -2.174368449775991030e+05 0.000000000000000000e+00
3.572671091524090681e+00 -2.174527374161196640e+05 0.000000000000000000e+00
3.572806354785112770e+00 -2.174342264116176520e+05 0.000000000000000000e+00
3.572672556840071234e+00 -2.174523264911722508e+05 0.000000000000000000e+00
3.565957480822063097e+00 -2.677145820384236285e+05 0.000000000000000000e+00
3.568885366565250017e+00 -2.339001182800160022e+05 0.000000000000000000e+00
3.572810821377965240e+00 -2.174342849093109253e+05 0.000000000000000000e+00
3.815562403644828571e+00 -6.314960274996653944e+07 0.000000000000000000e+00
3.572752007027852006e+00 -2.174369448195596342e+05 0.000000000000000000e+00
3.572815848165852959e+00 -2.174344019548120559e+05 0.000000000000000000e+00
3.572810755644761471e+00 -2.174342837379838456e+05 0.000000000000000000e+00
3.572776708776839172e+00 -2.174349234060088638e+05 0.000000000000000000e+00
3.572805565114736570e+00 -2.174342205237904564e+05 0.000000000000000000e+00
3.570897311725609313e+00 -2.213293397581822064e+05 0.000000000000000000e+00
3.572809747602888386e+00 -2.174342669368372299e+05 0.000000000000000000e+00
3.571892983056319526e+00 -2.183218992322080885e+05 0.000000000000000000e+00
3.572792337453998268e+00 -2.174343208737303212e+05 0.000000000000000000e+00
3.573264001860332328e+00 -2.176627838690177014e+05 0.000000000000000000e+00
3.728027834976169963e+00 -2.602254376827914268e+07 0.000000000000000000e+00
3.578620945672561060e+00 -2.537643821790150250e+05 0.000000000000000000e+00
3.572789057462764983e+00 -2.174344038615717727e+05 0.000000000000000000e+00
3.572803886411603624e+00 -2.174342124539786601e+05 0.000000000000000000e+00
3.573779374320332991e+00 -2.184583105189419002e+05 0.000000000000000000e+00
3.574091437976469443e+00 -2.192171064959682408e+05 0.000000000000000000e+00
3.582921695443932020e+00 -3.273201388700850075e+05 0.000000000000000000e+00
3.571991201584686859e+00 -2.181405260052840458e+05 0.000000000000000000e+00
3.573143287377078536e+00 -2.175588497513412731e+05 0.000000000000000000e+00
3.564556532878560002e+00 -2.904021151079430128e+05 0.000000000000000000e+00
3.788887662687727698e+00 -5.013024651641336828e+07 0.000000000000000000e+00
3.572726165033336176e+00 -2.174404612134903437e+05 0.000000000000000000e+00
3.743792425934397983e+00 -3.151678542728857696e+07 0.000000000000000000e+00
3.619051712508415619e+00 -2.512441928172245622e+06 0.000000000000000000e+00
3.573565276651972766e+00 -2.180586110007547541e+05 0.000000000000000000e+00
3.587646104697610472e+00 -4.538759918707953184e+05 0.000000000000000000e+00
3.572866077332971901e+00 -2.174385499404233415e+05 0.000000000000000000e+00
3.572804659359371193e+00 -2.174342154183687526e+05 0.000000000000000000e+00
3.572799558089687189e+00 -2.174342195487608551e+05 0.000000000000000000e+00
3.547461439055367372e+00 -9.065282307753888890e+05 0.000000000000000000e+00
3.560905564086881636e+00 -3.693198499000871088e+05 0.000000000000000000e+00
3.572748553723179565e+00 -2.174373317515198432e+05 0.000000000000000000e+00
3.572869800531132789e+00 -2.174390729721505195e+05 0.000000000000000000e+00
3.572665355512064878e+00 -2.174543903186917305e+05 0.000000000000000000e+00
3.572731950729016059e+00 -2.174395494116696063e+05 0.000000000000000000e+00
3.572868333678942854e+00 -2.174388633582280308e+05 0.000000000000000000e+00
3.572821685071791098e+00 -2.174346059109927737e+05 0.000000000000000000e+00
3.559640564164133103e+00 -4.033365945951464819e+05 0.000000000000000000e+00
3.577057610056210368e+00 -2.368643722155801952e+05 0.000000000000000000e+00
3.572802283859743966e+00 -2.174342103931699821e+05 0.000000000000000000e+00
3.542115217144320649e+00 -1.227931168013112620e+06 0.000000000000000000e+00
3.572831486632133124e+00 -2.174351128931182902e+05 0.000000000000000000e+00
3.601514012819910793e+00 -1.102010630930858664e+06 0.000000000000000000e+00
3.572868012015428807e+00 -2.174388180097212316e+05 0.000000000000000000e+00
3.572799317699357324e+00 -2.174342211213877890e+05 0.000000000000000000e+00
3.872463310860876806e+00 -9.586199444172768295e+07 0.000000000000000000e+00
3.572566773355940306e+00 -2.174938339614185679e+05 0.000000000000000000e+00
3.572775977592800523e+00 -2.174349644322051317e+05 0.000000000000000000e+00
3.572778106320902758e+00 -2.174348481833970291e+05 0.000000000000000000e+00
3.572795004062903956e+00 -2.174342704221304448e+05 0.000000000000000000e+00
3.572799714200340038e+00 -2.174342185939108895e+05 0.000000000000000000e+00
3.572735738184255716e+00 -2.174389914337615483e+05 0.000000000000000000e+00
3.572914532731799042e+00 -2.174476829424325260e+05 0.000000000000000000e+00
3.572790454772277524e+00 -2.174343656848398969e+05 0.000000000000000000e+00
3.572801199814437556e+00 -2.174342121245156741e+05 0.000000000000000000e+00
3.691570396971360246e+00 -1.533703363665127568e+07 0.000000000000000000e+00
3.572214873421084569e+00 -2.178047500408585183e+05 0.000000000000000000e+00
3.572796311202645736e+00 -2.174342512654639140e+05 0.000000000000000000e+00
3.571994499445725779e+00 -2.181347953479879070e+05 0.000000000000000000e+00
3.559189465466272129e+00 -4.162976317996709840e+05 0.000000000000000000e+00
3.788887662687727698e+00 -5.013024651641336828e+07 0.000000000000000000e+00
3.572814827454661391e+00 -2.174343738001312013e+05 0.000000000000000000e+00
3.572831313954816235e+00 -2.174351021771655069e+05 0.000000000000000000e+00
3.563961482910904088e+00 -3.013131380199426785e+05 0.000000000000000000e+00
3.572800495152777867e+00 -2.174342146025505790e+05 0.000000000000000000e+00
3.572780566376614786e+00 -2.174347259551599273e+05 0.000000000000000000e+00
3.582921695443932020e+00 -3.273201388700850075e+05 0.000000000000000000e+00
3.564974355545449392e+00 -2.831949220566777512e+05 0.000000000000000000e+00
3.572809328342010815e+00 -2.174342605911438004e+05 0.000000000000000000e+00
3.573049282130067450e+00 -2.174995729601908242e+05 0.000000000000000000e+00
3.572782176892362660e+00 -2.174346529715879005e+05 0.000000000000000000e+00
3.573146771718439751e+00 -2.175614113973948988e+05 0.000000000000000000e+00
3.572804654347067732e+00 -2.174342153950150823e+05 0.000000000000000000e+00
3.567376991227669158e+00 -2.490228006955289748e+05 0.000000000000000000e+00
3.572801457240168954e+00 -2.174342114850215148e+05 0.000000000000000000e+00
4.843147244638723592e+00 -1.511289379938157320e+09 0.000000000000000000e+00
3.572803403769670094e+00 -2.174342112532791507e+05 0.000000000000000000e+00
3.572569206573490863e+00 -2.174926093480168493e+05 0.000000000000000000e+00
3.572782152214185825e+00 -2.174346540479280811e+05 0.000000000000000000e+00
3.572799845775445515e+00 -2.174342178297592327e+05 0.000000000000000000e+00
3.536579416495782890e+00 -1.625346586904219817e+06 0.000000000000000000e+00
3.167984424073531535e+00 -1.736910088925951123e+08 0.000000000000000000e+00
3.574660628794452677e+00 -2.211394019767165883e+05 0.000000000000000000e+00
3.572708954476459198e+00 -2.174435982482532272e+05 0.000000000000000000e+00
3.574147185350920797e+00 -2.193746625859673368e+05 0.000000000000000000e+00
3.572766766366977542e+00 -2.174355795465090487e+05 0.000000000000000000e+00
3.572831486632133124e+00 -2.174351128931182902e+05 0.000000000000000000e+00
3.561532605949035091e+00 -3.537313071468767012e+05 0.000000000000000000e+00
3.692209851368916773e+00 -1.550008778852497786e+07 0.000000000000000000e+00
3.572800078502034182e+00 -2.174342165691199480e+05 0.000000000000000000e+00
3.572916805263045337e+00 -2.174482349865144934e+05 0.000000000000000000e+00
3.782400522479895777e+00 -4.718916093416506052e+07 0.000000000000000000e+00
3.572610813130697061e+00 -2.174736355390565004e+05 0.000000000000000000e+00
3.572806267769939925e+00 -2.174342256972150644e+05 0.000000000000000000e+00
3.572806231138501154e+00 -2.174342254013266647e+05 0.000000000000000000e+00
3.572933952259329526e+00 -2.174527576789442101e+05 0.000000000000000000e+00
3.572801523553645442e+00 -2.174342113433254999e+05 0.000000000000000000e+00
3.574175967209158866e+00 -2.194586181768207462e+05 0.000000000000000000e+00
3.572599443408583930e+00 -2.174784515398229123e+05 0.000000000000000000e+00
3.572809771420909719e+00 -2.174342673086584546e+05 0.000000000000000000e+00
3.573779374320332991e+00 -2.184583105189419002e+05 0.000000000000000000e+00
4.225920457245925910e+00 -4.419330980858411789e+08 0.000000000000000000e+00
3.573047239332522551e+00 -2.174984953908921452e+05 0.000000000000000000e+00
3.572819065639892155e+00 -2.174345053371564718e+05 0.000000000000000000e+00
3.572454357263841196e+00 -2.175642669197334908e+05 0.000000000000000000e+00
3.572796130639770418e+00 -2.174342536933918600e+05 0.000000000000000000e+00
3.572876432194446839e+00 -2.174400782744337921e+05 0.000000000000000000e+00
3.572825603618261514e+00 -2.174347838576436625e+05 0.000000000000000000e+00
3.572786466484776380e+00 -2.174344857405083603e+05 0.000000000000000000e+00
3.573190909509862401e+00 -2.175961166248556692e+05 0.000000000000000000e+00
3.572815916299073358e+00 -2.174344039137715881e+05 0.000000000000000000e+00
3.711545628113916084e+00 -2.084171856077321619e+07 0.000000000000000000e+00
3.572791572387173265e+00 -2.174343381660744781e+05 0.000000000000000000e+00
3.572804980461400604e+00 -2.174342170268457849e+05 0.000000000000000000e+00
3.572393436732881788e+00 -2.176137679509445443e+05 0.000000000000000000e+00
3.572767411862126874e+00 -2.174355305076539807e+05 0.000000000000000000e+00
3.572823552713757067e+00 -2.174346866127435933e+05 0.000000000000000000e+00
3.578620945672561060e+00 -2.537643821790150250e+05 0.000000000000000000e+00
3.573049282130067450e+00 -2.174995729601908242e+05 0.000000000000000000e+00
3.572798889583905790e+00 -2.174342242292382289e+05 0.000000000000000000e+00
3.572802939175633519e+00 -2.174342105697428051e+05 0.000000000000000000e+00
3.572810136023864658e+00 -2.174342731524192495e+05 0.000000000000000000e+00
3.572779093533557493e+00 -2.174347975732461491e+05 0.000000000000000000e+00
3.572824069059723495e+00 -2.174347102452989784e+05 0.000000000000000000e+00
3.572700199690859613e+00 -2.174454379620314576e+05 0.000000000000000000e+00
3.572812603570975298e+00 -2.174343202011500834e+05 0.000000000000000000e+00
3.585311427731590062e+00 -3.853486691683795070e+05 0.000000000000000000e+00
3.573118373730800545e+00 -2.175412927740220039e+05 0.000000000000000000e+00
3.683824721307568328e+00 -1.343119420650552958e+07 0.000000000000000000e+00
3.589221345187853185e+00 -5.067211437383872690e+05 0.000000000000000000e+00
3.572805080847593295e+00 -2.174342175751091563e+05 0.000000000000000000e+00
3.572815906412666997e+00 -2.174344036289009382e+05 0.000000000000000000e+00
3.572801361420594457e+00 -2.174342117064406630e+05 0.000000000000000000e+00
3.572878111698975179e+00 -2.174403478521127254e+05 0.000000000000000000e+00
3.572850786846659688e+00 -2.174367139355120598e+05 0.000000000000000000e+00
3.572806588148415230e+00 -2.174342284077856457e+05 0.000000000000000000e+00
4.844009799321449705e+00 -1.513057952470474482e+09 0.000000000000000000e+00
3.572927941813720754e+00 -2.174511005328850006e+05 0.000000000000000000e+00
3.572792975058419529e+00 -2.174343074220962881e+05 0.000000000000000000e+00
3.485763611377285631e+00 -8.342089743217124604e+06 0.000000000000000000e+00
3.572735738184255716e+00 -2.174389914337615483e+05 0.000000000000000000e+00
3.615153779269715706e+00 -2.141948126119961496e+06 0.000000000000000000e+00
3.573873728470411848e+00 -2.186656926076340314e+05 0.000000000000000000e+00
3.572757664468295680e+00 -2.174363662340153242e+05 0.000000000000000000e+00
3.572797914793272245e+00 -2.174342327731558180e+05 0.000000000000000000e+00
3.572808580535363543e+00 -2.174342502093343064e+05 0.000000000000000000e+00
3.572786390951706359e+00 -2.174344883436092059e+05 0.000000000000000000e+00
3.572810851630144224e+00 -2.174342854515049257e+05 0.000000000000000000e+00
3.572794715362275664e+00 -2.174342751475689001e+05 0.000000000000000000e+00
3.572801436651614981e+00 -2.174342115309353394e+05 0.000000000000000000e+00
3.572375062677856317e+00 -2.176302613172630663e+05 0.000000000000000000e+00
3.572771514129668535e+00 -2.174352397555599455e+05 0.000000000000000000e+00
3.572755944512661763e+00 -2.174365348660456075e+05 0.000000000000000000e+00
3.572717729750793048e+00 -2.174419193098690885e+05 0.000000000000000000e+00
3.572773495408708477e+00 -2.174351122651954938e+05 0.000000000000000000e+00
3.572778795051080536e+00 -2.174348126545530395e+05 0.000000000000000000e+00
3.572799407809853278e+00 -2.174342205173555994e+05 0.000000000000000000e+00
3.578580231613057716e+00 -2.532577293327257503e+05 0.000000000000000000e+00
3.646996739639796203e+00 -6.122080995795698836e+06 0.000000000000000000e+00
3.572952586837833788e+00 -2.174583882723566203e+05 0.000000000000000000e+00
3.572717729750793048e+00 -2.174419193098690885e+05 0.000000000000000000e+00
3.572856421717573117e+00 -2.174373321554998402e+05 0.000000000000000000e+00
3.572803851273306908e+00 -2.174342123496864224e+05 0.000000000000000000e+00
3.572805082794192622e+00 -2.174342175859542913e+05 0.000000000000000000e+00
3.572795366390117078e+00 -2.174342647447139025e+05 0.000000000000000000e+00
3.514987468976626950e+00 -3.803456266628938261e+06 0.000000000000000000e+00
3.572872363189255829e+00 -2.174394502587189199e+05 0.000000000000000000e+00
3.572786670715154322e+00 -2.174344787634161476e+05 0.000000000000000000e+00
3.583943625387425946e+00 -3.506351662432691664e+05 0.000000000000000000e+00
3.581685033932639151e+00 -3.021032985165357823e+05 0.000000000000000000e+00
3.572393436732881788e+00 -2.176137679509445443e+05 0.000000000000000000e+00
3.572393436732881788e+00 -2.176137679509445443e+05 0.000000000000000000e+00
3.572694024542583779e+00 -2.174468345325992559e+05 0.000000000000000000e+00
3.572850216214969343e+00 -2.174366551296717953e+05 0.000000000000000000e+00
3.572697469814968052e+00 -2.174460452573634684e+05 0.000000000000000000e+00
3.572808036328126935e+00 -2.174342434086396242e+05 0.000000000000000000e+00
3.573024549706107056e+00 -2.174871288922963722e+05 0.000000000000000000e+00
3.572829024672849130e+00 -2.174349661579201347e+05 0.000000000000000000e+00
3.572784966830039100e+00 -2.174345397150898352e+05 0.000000000000000000e+00
3.572565827554036400e+00 -2.174943134034040850e+05 0.000000000000000000e+00
3.774309396480717727e+00 -4.364469757433979213e+07 0.000000000000000000e+00
3.572804614275178370e+00 -2.174342152102469117e+05 0.000000000000000000e+00
3.572780070594976376e+00 -2.174347495430782437e+05 0.000000000000000000e+00
3.572890621155650592e+00 -2.174425462246476382e+05 0.000000000000000000e+00
3.568557539477001050e+00 -2.367715357778505422e+05 0.000000000000000000e+00
3.576979342010511598e+00 -2.361561567713848781e+05 0.000000000000000000e+00
3.572082592591642403e+00 -2.179903565336345928e+05 0.000000000000000000e+00
3.572717729750793048e+00 -2.174419193098690885e+05 0.000000000000000000e+00
3.572802858810767201e+00 -2.174342104985062615e+05 0.000000000000000000e+00
3.572768604813151061e+00 -2.174354422316347482e+05 0.000000000000000000e+00
3.573409165040139168e+00 -2.178291862700586207e+05 0.000000000000000000e+00
3.572796876503122387e+00 -2.174342441166572389e+05 0.000000000000000000e+00
3.572805746179820385e+00 -2.174342217555684911e+05 0.000000000000000000e+00
3.574512143223546712e+00 -2.205708932337134320e+05 0.000000000000000000e+00
2.933764915906129200e+00 -4.237388819782756567e+08 0.000000000000000000e+00
3.573108046787313086e+00 -2.175344057816699496e+05 0.000000000000000000e+00
3.532086468918244293e+00 -1.996218123620701954e+06 0.000000000000000000e+00
3.572717729750793048e+00 -2.174419193098690885e+05 0.000000000000000000e+00
3.572694024542583779e+00 -2.174468345325992559e+05 0.000000000000000000e+00
3.570178747451151935e+00 -2.248216419242708362e+05 0.000000000000000000e+00
4.314268640484512751e+00 -5.636557864209623337e+08 0.000000000000000000e+00
3.583823701668684691e+00 -3.477830664021453122e+05 0.000000000000000000e+00
3.575458757494554440e+00 -2.250059782409503823e+05 0.000000000000000000e+00
3.572795359309683505e+00 -2.174342648529584403e+05 0.000000000000000000e+00
4.251381700199539537e+00 -4.756887766601189375e+08 0.000000000000000000e+00
3.572878238875001333e+00 -2.174403685117368586e+05 0.000000000000000000e+00
3.572795837155700482e+00 -2.174342577890094835e+05 0.000000000000000000e+00
3.572790454772277524e+00 -2.174343656848398969e+05 0.000000000000000000e+00
3.572819478948884075e+00 -2.174345202277811477e+05 0.000000000000000000e+00
3.572786735826549265e+00 -2.174344765578467050e+05 0.000000000000000000e+00
3.572803671291036487e+00 -2.174342118570518796e+05 0.000000000000000000e+00
3.572792220924140505e+00 -2.174343234264836356e+05 0.000000000000000000e+00
3.572804905798948827e+00 -2.174342166330982000e+05 0.000000000000000000e+00
3.573831602688616105e+00 -2.185707428008266143e+05 0.000000000000000000e+00
3.572393436732881788e+00 -2.176137679509445443e+05 0.000000000000000000e+00
3.572800518807695003e+00 -2.174342145020784228e+05 0.000000000000000000e+00
3.573041126150794167e+00 -2.174953242119155184e+05 0.000000000000000000e+00
3.572790022673702826e+00 -2.174343770428966964e+05 0.000000000000000000e+00
3.572800952981339151e+00 -2.174342128712644917e+05 0.000000000000000000e+00
3.572834528489769568e+00 -2.174353121570023359e+05 0.000000000000000000e+00
3.559345281297803698e+00 -4.117713373204801464e+05 0.000000000000000000e+00
3.563607888531531653e+00 -3.081567076109111076e+05 0.000000000000000000e+00
3.571756937151407296e+00 -2.186073270364767523e+05 0.000000000000000000e+00
3.572887610706266592e+00 -2.174419864902039990e+05 0.000000000000000000e+00
3.572812647105173323e+00 -2.174343211485311040e+05 0.000000000000000000e+00
3.570897311725609313e+00 -2.213293397581822064e+05 0.000000000000000000e+00
3.572768540014272354e+00 -2.174354469481745618e+05 0.000000000000000000e+00
3.573190909509862401e+00 -2.175961166248556692e+05 0.000000000000000000e+00
3.572805976821090024e+00 -2.174342234265088919e+05 0.000000000000000000e+00
3.572804818149644568e+00 -2.174342161861292843e+05 0.000000000000000000e+00
3.588210938561478436e+00 -4.722122997026693774e+05 0.000000000000000000e+00
3.572166359653996981e+00 -2.178684598559986916e+05 0.000000000000000000e+00
3.572935015588596386e+00 -2.174530589223550342e+05 0.000000000000000000e+00
3.573333723155224462e+00 -2.177370617112894543e+05 0.000000000000000000e+00
3.572782152214185825e+00 -2.174346540479280811e+05 0.000000000000000000e+00
3.572802296714519876e+00 -2.174342103877710761e+05 0.000000000000000000e+00
3.572799643944644110e+00 -2.174342190171575057e+05 0.000000000000000000e+00
3.321900430602166221e+00 -6.741933465181580186e+07 0.000000000000000000e+00
3.568781344887160589e+00 -2.347862548866702709e+05 0.000000000000000000e+00
3.572717729750793048e+00 -2.174419193098690885e+05 0.000000000000000000e+00
3.572766558305930040e+00 -2.174355955436751829e+05 0.000000000000000000e+00
3.572799229697652290e+00 -2.174342217281061166e+05 0.000000000000000000e+00
3.572812647105173323e+00 -2.174343211485311040e+05 0.000000000000000000e+00
3.776619120947140917e+00 -4.464248395368555933e+07 0.000000000000000000e+00
3.455702819381300195e+00 -1.491575125233590603e+07 0.000000000000000000e+00
1.380641037013155437e+00 -3.395915575117761612e+09 0.000000000000000000e+00
2.943709624542776737e+00 -4.110942546609655023e+08 0.000000000000000000e+00
3.484984562367367644e+00 -8.488087604806322604e+06 0.000000000000000000e+00
3.565957480822063097e+00 -2.677145820384236285e+05 0.000000000000000000e+00
3.572830662028104509e+00 -2.174350622969985707e+05 0.000000000000000000e+00
3.573068827372713585e+00 -2.175103358148537518e+05 0.000000000000000000e+00
3.572798325210691406e+00 -2.174342289273287752e+05 0.000000000000000000e+00
3.573992600822328392e+00 -2.189541638828183641e+05 0.000000000000000000e+00
3.572809739104605864e+00 -2.174342668044681777e+05 0.000000000000000000e+00
3.572804836642579307e+00 -2.174342162790595903e+05 0.000000000000000000e+00
3.571603874885019625e+00 -2.189759432766149985e+05 0.000000000000000000e+00
3.583552421381626107e+00 -3.414451914495409001e+05 0.000000000000000000e+00
3.573203057530752069e+00 -2.176064022912800428e+05 0.000000000000000000e+00
3.570906679094638658e+00 -2.212911307558396365e+05 0.000000000000000000e+00
3.548397805854088372e+00 -8.565466936451740330e+05 0.000000000000000000e+00
3.573916820151056939e+00 -2.187667602206323354e+05 0.000000000000000000e+00
3.573105691777636927e+00 -2.175328672865163535e+05 0.000000000000000000e+00
3.572827376743188399e+00 -2.174348752077945101e+05 0.000000000000000000e+00
3.572990163440839417e+00 -2.174720090502799721e+05 0.000000000000000000e+00
3.578795521191412199e+00 -2.559771624973762373e+05 0.000000000000000000e+00
3.572869571197829330e+00 -2.174390398957465077e+05 0.000000000000000000e+00
3.572786466484776380e+00 -2.174344857405083603e+05 0.000000000000000000e+00
3.572800514814691741e+00 -2.174342145189518633e+05 0.000000000000000000e+00
3.572831313954816235e+00 -2.174351021771655069e+05 0.000000000000000000e+00
3.579129327920070214e+00 -2.603903393537914380e+05 0.000000000000000000e+00
3.572815447393222321e+00 -2.174343906335184583e+05 0.000000000000000000e+00
3.572877718959795335e+00 -2.174402842711285921e+05 0.000000000000000000e+00
3.591342269509827378e+00 -5.862839614799401024e+05 0.000000000000000000e+00
3.573190909509862401e+00 -2.175961166248556692e+05 0.000000000000000000e+00
3.572852153924258367e+00 -2.174368576609561569e+05 0.000000000000000000e+00
3.572804413068999096e+00 -2.174342143346062512e+05 0.000000000000000000e+00
5.011364474672430624e+00 -1.863495754550351143e+09 0.000000000000000000e+00
3.572834528489769568e+00 -2.174353121570023359e+05 0.000000000000000000e+00
3.572778332404350721e+00 -2.174348364084076020e+05 0.000000000000000000e+00
3.572799296430423155e+00 -2.174342212665020779e+05 0.000000000000000000e+00
3.572825964179774161e+00 -2.174348018869578955e+05 0.000000000000000000e+00
3.572797912487970518e+00 -2.174342327957809612e+05 0.000000000000000000e+00
3.570472483755351867e+00 -2.232601380329217063e+05 0.000000000000000000e+00
3.578938002209399283e+00 -2.578316157851768658e+05 0.000000000000000000e+00
3.572849365309011649e+00 -2.174365687385177589e+05 0.000000000000000000e+00
3.572783494931920156e+00 -2.174345973843603279e+05 0.000000000000000000e+00
3.572491831301332965e+00 -2.175377742495272541e+05 0.000000000000000000e+00
3.572368593258738123e+00 -2.176362410312542925e+05 0.000000000000000000e+00
3.798161383485357590e+00 -5.448785975267802179e+07 0.000000000000000000e+00
3.577826766162275796e+00 -2.445236114569595666e+05 0.000000000000000000e+00
3.572760997608948053e+00 -2.174360575126150507e+05 0.000000000000000000e+00
3.572393436732881788e+00 -2.176137679509445443e+05 0.000000000000000000e+00
3.572471014819271318e+00 -2.175521185735089239e+05 0.000000000000000000e+00
3.572803772770108299e+00 -2.174342121262630681e+05 0.000000000000000000e+00
3.572393436732881788e+00 -2.176137679509445443e+05 0.000000000000000000e+00
3.572704937287614513e+00 -2.174444219889469678e+05 0.000000000000000000e+00
3.746624926212556161e+00 -3.255970702138265222e+07 0.000000000000000000e+00
3.572818051431813302e+00 -2.174344703511209809e+05 0.000000000000000000e+00
3.572812603570975298e+00 -2.174343202011500834e+05 0.000000000000000000e+00
3.588221960708253722e+00 -4.725769242770479759e+05 0.000000000000000000e+00
3.572017476701696115e+00 -2.180955159010245989e+05 0.000000000000000000e+00
3.576681362302489120e+00 -2.335801727798857610e+05 0.000000000000000000e+00
3.572813214010166050e+00 -2.174343338567263563e+05 0.000000000000000000e+00
3.583943625387425946e+00 -3.506351662432691664e+05 0.000000000000000000e+00
3.572761622360054012e+00 -2.174360023005864059e+05 0.000000000000000000e+00
3.572804028274228383e+00 -2.174342129019719432e+05 0.000000000000000000e+00
3.572828525535037603e+00 -2.174349379948953283e+05 0.000000000000000000e+00
3.572720347079038739e+00 -2.174414505456564075e+05 0.000000000000000000e+00
3.572800612474461346e+00 -2.174342141160276660e+05 0.000000000000000000e+00
3.572980994154738799e+00 -2.174684058412882150e+05 0.000000000000000000e+00
3.572780869679351046e+00 -2.174347117849461501e+05 0.000000000000000000e+00
3.572720347079038739e+00 -2.174414505456564075e+05 0.000000000000000000e+00
3.573363845168779918e+00 -2.177723797313487739e+05 0.000000000000000000e+00
3.572825732483253969e+00 -2.174347902692939970e+05 0.000000000000000000e+00
3.572801044651639835e+00 -2.174342125786689576e+05 0.000000000000000000e+00
3.613869113102160302e+00 -2.026980303662961349e+06 0.000000000000000000e+00
3.572541387166022986e+00 -2.175073684457786730e+05 0.000000000000000000e+00
3.572802242033229714e+00 -2.174342104131940287e+05 0.000000000000000000e+00
3.289477285621279279e+00 -8.578632387769329548e+07 0.000000000000000000e+00
3.715720214344091055e+00 -2.209935678422065079e+07 0.000000000000000000e+00
3.572796311202645736e+00 -2.174342512654639140e+05 0.000000000000000000e+00
3.593451537554424924e+00 -6.749829918501591310e+05 0.000000000000000000e+00
3.572785521785164065e+00 -2.174345191789073870e+05 0.000000000000000000e+00
3.572800503969388863e+00 -2.174342145649628364e+05 0.000000000000000000e+00
3.572858319995474652e+00 -2.174375557675130549e+05 0.000000000000000000e+00
3.572799969090116434e+00 -2.174342171473058697e+05 0.000000000000000000e+00
3.572806965378524602e+00 -2.174342318817554042e+05 0.000000000000000000e+00
3.572793211161790161e+00 -2.174343026623605401e+05 0.000000000000000000e+00
3.217947207897505990e+00 -1.339364231521292925e+08 0.000000000000000000e+00
3.563945110097950231e+00 -3.016240974546666257e+05 0.000000000000000000e+00
3.565118130850069900e+00 -2.808015294343136484e+05 0.000000000000000000e+00
3.572884836334086600e+00 -2.174414878726603347e+05 0.000000000000000000e+00
3.572782191255166939e+00 -2.174346523457548756e+05 0.000000000000000000e+00
3.572779096610080529e+00 -2.174347974187961081e+05 0.000000000000000000e+00
3.572733094175414070e+00 -2.174393777117498103e+05 0.000000000000000000e+00
3.572799445106413341e+00 -2.174342202724468661e+05 0.000000000000000000e+00
3.040376003904428082e+00 -2.973075193447753787e+08 0.000000000000000000e+00
3.572878403812542292e+00 -2.174403953573848121e+05 0.000000000000000000e+00
3.572802102222850440e+00 -2.174342105073677958e+05 0.000000000000000000e+00
3.572790720677618825e+00 -2.174343588944778603e+05 0.000000000000000000e+00
3.572501027907928783e+00 -2.175317332105463429e+05 0.000000000000000000e+00
3.572778332404350721e+00 -2.174348364084076020e+05 0.000000000000000000e+00
3.572795499211706360e+00 -2.174342627340644249e+05 0.000000000000000000e+00
3.553608856644693059e+00 -6.127584919757334283e+05 0.000000000000000000e+00
3.572082592591642403e+00 -2.179903565336345928e+05 0.000000000000000000e+00
3.572694024542583779e+00 -2.174468345325992559e+05 0.000000000000000000e+00
3.572803261316878309e+00 -2.174342109944470576e+05 0.000000000000000000e+00
3.572790720677618825e+00 -2.174343588944778603e+05 0.000000000000000000e+00
3.595528037336173099e+00 -7.716294394557687920e+05 0.000000000000000000e+00
3.572575141319455305e+00 -2.174896757448682911e+05 0.000000000000000000e+00
3.788887662687727698e+00 -5.013024651641336828e+07 0.000000000000000000e+00
3.764707174609081441e+00 -3.961691963874052465e+07 0.000000000000000000e+00
3.628363818169172639e+00 -3.529402648660824634e+06 0.000000000000000000e+00
3.573200448186159228e+00 -2.176041662628252525e+05 0.000000000000000000e+00
3.574128644766617846e+00 -2.193215219521757972e+05 0.000000000000000000e+00
3.572792975058419529e+00 -2.174343074220962881e+05 0.000000000000000000e+00
3.572796864668954964e+00 -2.174342442592837615e+05 0.000000000000000000e+00
3.572781329733959677e+00 -2.174346906682012777e+05 0.000000000000000000e+00
3.572796939297653296e+00 -2.174342433648779697e+05 0.000000000000000000e+00
3.572717808024518327e+00 -2.174419050777480006e+05 0.000000000000000000e+00
3.572393436732881788e+00 -2.176137679509445443e+05 0.000000000000000000e+00
3.572680022611838702e+00 -2.174503043858667079e+05 0.000000000000000000e+00
3.572510048675251237e+00 -2.175259840289230342e+05 0.000000000000000000e+00
3.572819065639892155e+00 -2.174345053371564718e+05 0.000000000000000000e+00
3.789908668592975260e+00 -5.060118001583933830e+07 0.000000000000000000e+00
3.572798889237468689e+00 -2.174342242319106008e+05 0.000000000000000000e+00
3.583943625387425946e+00 -3.506351662432691664e+05 0.000000000000000000e+00
3.272306006131675549e+00 -9.639215471883854270e+07 0.000000000000000000e+00
3.461458830443713275e+00 -1.350773603216275200e+07 0.000000000000000000e+00
3.572799092372588081e+00 -2.174342227080826997e+05 0.000000000000000000e+00
3.572805214388877548e+00 -2.174342183379746857e+05 0.000000000000000000e+00
3.547465622982447719e+00 -9.063007163472436368e+05 0.000000000000000000e+00
3.572872363189255829e+00 -2.174394502587189199e+05 0.000000000000000000e+00
3.572801793123820513e+00 -2.174342108644807304e+05 0.000000000000000000e+00
3.572916805263045337e+00 -2.174482349865144934e+05 0.000000000000000000e+00
3.572913287671138693e+00 -2.174473851917601423e+05 0.000000000000000000e+00
3.572742877044590593e+00 -2.174380234237414552e+05 0.000000000000000000e+00
3.572804809625655054e+00 -2.174342161435412709e+05 0.000000000000000000e+00
3.572800221876916371e+00 -2.174342158503525134e+05 0.000000000000000000e+00
3.572799256515212463e+00 -2.174342215414560051e+05 0.000000000000000000e+00
3.574091437976469443e+00 -2.192171064959682408e+05 0.000000000000000000e+00
3.572790458379278000e+00 -2.174343655917100841e+05 0.000000000000000000e+00
3.572804756740933563e+00 -2.174342158827964158e+05 0.000000000000000000e+00
3.571892983056319526e+00 -2.183218992322080885e+05 0.000000000000000000e+00
3.928917871344454582e+00 -1.348777186863124073e+08 0.000000000000000000e+00
3.571274865473729854e+00 -2.199384938279928756e+05 0.000000000000000000e+00
3.572805230249389119e+00 -2.174342184311219025e+05 0.000000000000000000e+00
3.572812458209489339e+00 -2.174343170672995911e+05 0.000000000000000000e+00
3.572793142847181525e+00 -2.174343040272534126e+05 0.000000000000000000e+00
3.574851682288422428e+00 -2.219405051105622260e+05 0.000000000000000000e+00
3.527217324782686791e+00 -2.447021085215556435e+06 0.000000000000000000e+00
3.572809657399161676e+00 -2.174342655397149210e+05 0.000000000000000000e+00
3.259191993759430694e+00 -1.048992872295813411e+08 0.000000000000000000e+00
3.572878111698975179e+00 -2.174403478521127254e+05 0.000000000000000000e+00
3.572803585500790025e+00 -2.174342116466977750e+05 0.000000000000000000e+00
3.572641247273594445e+00 -2.174621095140551333e+05 0.000000000000000000e+00
3.553217113590000586e+00 -6.290598329343616497e+05 0.000000000000000000e+00
3.572876174342232591e+00 -2.174400374225969135e+05 0.000000000000000000e+00
3.572785980220623436e+00 -2.174345027129934751e+05 0.000000000000000000e+00
3.572795378921077347e+00 -2.174342645534008625e+05 0.000000000000000000e+00
3.572802870133491737e+00 -2.174342105077018205e+05 0.000000000000000000e+00
3.573096425205641413e+00 -2.175269291313985595e+05 0.000000000000000000e+00
3.571855498497872539e+00 -2.183965780888859881e+05 0.000000000000000000e+00
3.572723183491368637e+00 -2.174409591437446652e+05 0.000000000000000000e+00
3.572733094175414070e+00 -2.174393777117498103e+05 0.000000000000000000e+00
3.572901913148643693e+00 -2.174448190647796146e+05 0.000000000000000000e+00
3.573024549706107056e+00 -2.174871288922963722e+05 0.000000000000000000e+00
3.572457693753441355e+00 -2.175617859237296798e+05 0.000000000000000000e+00
3.573119925918915030e+00 -2.175423477084016777e+05 0.000000000000000000e+00
3.572832534175162333e+00 -2.174351792729289446e+05 0.000000000000000000e+00
4.547836684009949337e+00 -9.421262478025374413e+08 0.000000000000000000e+00
3.576693139747201489e+00 -2.336783695835501421e+05 0.000000000000000000e+00
3.572622813401868491e+00 -2.174688534050296585e+05 0.000000000000000000e+00
3.572833334428164420e+00 -2.174352315695143479e+05 0.000000000000000000e+00
3.572735365132305940e+00 -2.174390450258624041e+05 0.000000000000000000e+00
3.572825762989450649e+00 -2.174347917923412169e+05 0.000000000000000000e+00
3.572834528489769568e+00 -2.174353121570023359e+05 0.000000000000000000e+00
3.572799367524727820e+00 -2.174342207852421561e+05 0.000000000000000000e+00
3.572788203374298810e+00 -2.174344292601524212e+05 0.000000000000000000e+00
3.573006899045458429e+00 -2.174790507966697332e+05 0.000000000000000000e+00
3.572860716103514633e+00 -2.174378490648871521e+05 0.000000000000000000e+00
3.575378408616991077e+00 -2.245548336166200461e+05 0.000000000000000000e+00
3.572834528489769568e+00 -2.174353121570023359e+05 0.000000000000000000e+00
3.572778737320885689e+00 -2.174348155935304530e+05 0.000000000000000000e+00
3.572800277233402433e+00 -2.174342155846432433e+05 0.000000000000000000e+00
3.572814710285254325e+00 -2.174343707112747070e+05 0.000000000000000000e+00
3.572771514129668535e+00 -2.174352397555599455e+05 0.000000000000000000e+00
3.572808932733115395e+00 -2.174342549493782280e+05 0.000000000000000000e+00
3.572784750701071488e+00 -2.174345478918134468e+05 0.000000000000000000e+00
3.572825999190201163e+00 -2.174348036524584168e+05 0.000000000000000000e+00
3.576693139747201489e+00 -2.336783695835501421e+05 0.000000000000000000e+00
3.581471297328030712e+00 -2.980776421143664047e+05 0.000000000000000000e+00
3.574091437976469443e+00 -2.192171064959682408e+05 0.000000000000000000e+00
3.572846917792582566e+00 -2.174363289093249768e+05 0.000000000000000000e+00
3.572885940003415861e+00 -2.174416842482965440e+05 0.000000000000000000e+00
3.572882780494032406e+00 -2.174411290479617892e+05 0.000000000000000000e+00
3.572795527191256593e+00 -2.174342623153415625e+05 0.000000000000000000e+00
4.355779255602750588e+00 -6.251724981014670134e+08 0.000000000000000000e+00
3.564406447238187781e+00 -2.930824684620859334e+05 0.000000000000000000e+00
3.572608941700667895e+00 -2.174744091663590516e+05 0.000000000000000000e+00
3.572902884648187172e+00 -2.174450273924092762e+05 0.000000000000000000e+00
3.572805148405686637e+00 -2.174342179562570527e+05 0.000000000000000000e+00
3.572798800868574265e+00 -2.174342249224602419e+05 0.000000000000000000e+00
3.572829024672849130e+00 -2.174349661579201347e+05 0.000000000000000000e+00
3.571892983056319526e+00 -2.183218992322080885e+05 0.000000000000000000e+00
3.572782176892362660e+00 -2.174346529715879005e+05 0.000000000000000000e+00
3.572820452814627235e+00 -2.174345567637659842e+05 0.000000000000000000e+00
3.572808615413109123e+00 -2.174342506668588612e+05 0.000000000000000000e+00
3.572384041319264458e+00 -2.176221111635021225e+05 0.000000000000000000e+00
3.572781779459390794e+00 -2.174346704646369326e+05 0.000000000000000000e+00
3.572248935338682152e+00 -2.177630372314138222e+05 0.000000000000000000e+00
3.565957480822063097e+00 -2.677145820384236285e+05 0.000000000000000000e+00
3.572720347079038739e+00 -2.174414505456564075e+05 0.000000000000000000e+00
3.572799687948590819e+00 -2.174342187508229690e+05 0.000000000000000000e+00
3.567290996080167975e+00 -2.500321047077376861e+05 0.000000000000000000e+00
3.572817925566478259e+00 -2.174344661632701172e+05 0.000000000000000000e+00
3.572823674500583468e+00 -2.174346921352164936e+05 0.000000000000000000e+00
3.814698591031343344e+00 -6.270471862972355634e+07 0.000000000000000000e+00
3.563138729100674862e+00 -3.176511708819780615e+05 0.000000000000000000e+00
3.572800913208177942e+00 -2.174342130038239702e+05 0.000000000000000000e+00
3.572814057220003559e+00 -2.174343540347749949e+05 0.000000000000000000e+00
3.572816419212764938e+00 -2.174344186816692818e+05 0.000000000000000000e+00
3.572802466011144595e+00 -2.174342103497585631e+05 0.000000000000000000e+00
3.565734326736567983e+00 -2.710463893079523114e+05 0.000000000000000000e+00
3.572787235166252184e+00 -2.174344599457759759e+05 0.000000000000000000e+00
3.572806233243136731e+00 -2.174342254182502511e+05 0.000000000000000000e+00
3.572802946364023402e+00 -2.174342105767904432e+05 0.000000000000000000e+00
3.573599197617445711e+00 -2.181153794200940756e+05 0.000000000000000000e+00
3.661662373765167011e+00 -8.685385474182769656e+06 0.000000000000000000e+00
3.572897212503857389e+00 -2.174438396746464423e+05 0.000000000000000000e+00
3.560744508606439762e+00 -3.734599618843110511e+05 0.000000000000000000e+00
3.572789509401898211e+00 -2.174343910553757160e+05 0.000000000000000000e+00
3.572809978663553210e+00 -2.174342705952927936e+05 0.000000000000000000e+00
3.558519026292028542e+00 -4.363676293024771730e+05 0.000000000000000000e+00
3.572730932458515252e+00 -2.174397046773679322e+05 0.000000000000000000e+00
3.571396790023188217e+00 -2.195546959774695861e+05 0.000000000000000000e+00
3.573098634815988994e+00 -2.175283283486157889e+05 0.000000000000000000e+00
3.572900486669916109e+00 -2.174445168425721931e+05 0.000000000000000000e+00
3.572723183491368637e+00 -2.174409591437446652e+05 0.000000000000000000e+00
3.786906010112327969e+00 -4.922245720178410411e+07 0.000000000000000000e+00
3.572604724993831304e+00 -2.174761798529661901e+05 0.000000000000000000e+00
3.572862521253739487e+00 -2.174380781641506474e+05 0.000000000000000000e+00
3.579959808413781364e+00 -2.724075254915658152e+05 0.000000000000000000e+00
3.572825964179774161e+00 -2.174348018869578955e+05 0.000000000000000000e+00
3.532086468918244293e+00 -1.996218123620701954e+06 0.000000000000000000e+00
3.572814057220003559e+00 -2.174343540347749949e+05 0.000000000000000000e+00
3.572786670715154322e+00 -2.174344787634161476e+05 0.000000000000000000e+00
3.573190909509862401e+00 -2.175961166248556692e+05 0.000000000000000000e+00
3.572804037271215094e+00 -2.174342129318416701e+05 0.000000000000000000e+00
3.578938002209399283e+00 -2.578316157851768658e+05 0.000000000000000000e+00
3.573687108935397649e+00 -2.182739970684811124e+05 0.000000000000000000e+00
3.572794144444620290e+00 -2.174342850189846940e+05 0.000000000000000000e+00
3.572935015588596386e+00 -2.174530589223550342e+05 0.000000000000000000e+00
3.572884123511721466e+00 -2.174413624298635987e+05 0.000000000000000000e+00
3.564277775615727339e+00 -2.954188824513072614e+05 0.000000000000000000e+00
3.597020261332608548e+00 -8.467952909144819714e+05 0.000000000000000000e+00
3.572831486632133124e+00 -2.174351128931182902e+05 0.000000000000000000e+00
3.576360807474135317e+00 -2.310218032733293658e+05 0.000000000000000000e+00
3.572986277469880623e+00 -2.174704599672561162e+05 0.000000000000000000e+00
3.572872099311774186e+00 -2.174394107584789745e+05 0.000000000000000000e+00
3.169843966949549063e+00 -1.721225335485417843e+08 0.000000000000000000e+00
3.583552421381626107e+00 -3.414451914495409001e+05 0.000000000000000000e+00
3.576360807474135317e+00 -2.310218032733293658e+05 0.000000000000000000e+00
3.572817167031024255e+00 -2.174344416448321426e+05 0.000000000000000000e+00
3.572799684511115181e+00 -2.174342187714774336e+05 0.000000000000000000e+00
3.571431241270311752e+00 -2.194520305963598075e+05 0.000000000000000000e+00
3.572757664468295680e+00 -2.174363662340153242e+05 0.000000000000000000e+00
3.572488207601899113e+00 -2.175402044285568991e+05 0.000000000000000000e+00
3.572922756725112947e+00 -2.174497332419090963e+05 0.000000000000000000e+00
3.597020261332608548e+00 -8.467952909144819714e+05 0.000000000000000000e+00
3.572634826928467788e+00 -2.174643755765848910e+05 0.000000000000000000e+00
3.570922898595767059e+00 -2.212254176245986309e+05 0.000000000000000000e+00
3.572927941813720754e+00 -2.174511005328850006e+05 0.000000000000000000e+00
3.572433396888213597e+00 -2.175803994588563219e+05 0.000000000000000000e+00
3.572771514129668535e+00 -2.174352397555599455e+05 0.000000000000000000e+00
3.572979520232820505e+00 -2.174678434759611264e+05 0.000000000000000000e+00
3.321590310504692667e+00 -6.758468807600569725e+07 0.000000000000000000e+00
3.572812603570975298e+00 -2.174343202011500834e+05 0.000000000000000000e+00
3.572818027472607572e+00 -2.174344695513161714e+05 0.000000000000000000e+00
3.532086468918244293e+00 -1.996218123620701954e+06 0.000000000000000000e+00
3.572804227757220730e+00 -2.174342136050007539e+05 0.000000000000000000e+00
3.570619634662476116e+00 -2.225475042122184532e+05 0.000000000000000000e+00
3.604868817324283548e+00 -1.320785874156253645e+06 0.000000000000000000e+00
3.571778698732757551e+00 -2.185590017967525928e+05 0.000000000000000000e+00
3.572796306550396928e+00 -2.174342513271424687e+05 0.000000000000000000e+00
3.595528037336173099e+00 -7.716294394557687920e+05 0.000000000000000000e+00
3.572800496357646072e+00 -2.174342145974045561e+05 0.000000000000000000e+00
3.572816491539658745e+00 -2.174344208501714747e+05 0.000000000000000000e+00
3.571512231762673295e+00 -2.192207107894598157e+05 0.000000000000000000e+00
3.572801088096789979e+00 -2.174342124462981010e+05 0.000000000000000000e+00
3.572632532532649563e+00 -2.174652068415193353e+05 0.000000000000000000e+00
3.572787967571305678e+00 -2.174344365481728455e+05 0.000000000000000000e+00
3.595528037336173099e+00 -7.716294394557687920e+05 0.000000000000000000e+00
3.572794322045936166e+00 -2.174342818732207816e+05 0.000000000000000000e+00
3.572794751140736746e+00 -2.174342745522406185e+05 0.000000000000000000e+00
3.572817167031024255e+00 -2.174344416448321426e+05 0.000000000000000000e+00
3.572966658845103893e+00 -2.174631341523072042e+05 0.000000000000000000e+00
3.572811787335304246e+00 -2.174343031915510655e+05 0.000000000000000000e+00
3.573151561475493398e+00 -2.175649752985923551e+05 0.000000000000000000e+00
3.572716203197847662e+00 -2.174421995043928036e+05 0.000000000000000000e+00
3.572576798141413157e+00 -2.174888702592263580e+05 0.000000000000000000e+00
3.572771514129668535e+00 -2.174352397555599455e+05 0.000000000000000000e+00
3.565744990005606851e+00 -2.708847496310036513e+05 0.000000000000000000e+00
3.572836722074615778e+00 -2.174354681770733441e+05 0.000000000000000000e+00
3.650108731146436636e+00 -6.627544134581824765e+06 0.000000000000000000e+00
3.573992600822328392e+00 -2.189541638828183641e+05 0.000000000000000000e+00
3.572867127222972172e+00 -2.174386944161501015e+05 0.000000000000000000e+00
3.575846123075802740e+00 -2.273753922310351336e+05 0.000000000000000000e+00
3.572929461972507603e+00 -2.174515123322714935e+05 0.000000000000000000e+00
3.582663772683939207e+00 -3.217899326376776444e+05 0.000000000000000000e+00
3.581345139515151654e+00 -2.957475169930031989e+05 0.000000000000000000e+00
3.583943625387425946e+00 -3.506351662432691664e+05 0.000000000000000000e+00
3.572782176892362660e+00 -2.174346529715879005e+05 0.000000000000000000e+00
3.577369197499994158e+00 -2.398141555325630470e+05 0.000000000000000000e+00
3.572800021499104250e+00 -2.174342168671454419e+05 0.000000000000000000e+00
3.572861279086672504e+00 -2.174379197650039860e+05 0.000000000000000000e+00
3.572816558442494017e+00 -2.174344228660474764e+05 0.000000000000000000e+00
3.572574260695246640e+00 -2.174901062697842717e+05 0.000000000000000000e+00
3.572817915938157007e+00 -2.174344658443107619e+05 0.000000000000000000e+00
3.572780741448969177e+00 -2.174347177517425152e+05 0.000000000000000000e+00
3.572775882894500654e+00 -2.174349698295864218e+05 0.000000000000000000e+00
3.572818051431813302e+00 -2.174344703511209809e+05 0.000000000000000000e+00
3.572783166203578276e+00 -2.174346108992082882e+05 0.000000000000000000e+00
3.572733583588467265e+00 -2.174393050790658453e+05 0.000000000000000000e+00
3.572619668204676913e+00 -2.174700768852044712e+05 0.000000000000000000e+00
3.572916805263045337e+00 -2.174482349865144934e+05 0.000000000000000000e+00
3.572802910968798429e+00 -2.174342105431605596e+05 0.000000000000000000e+00
3.907090318445149535e+00 -1.190254312144993246e+08 0.000000000000000000e+00
3.576979342010511598e+00 -2.361561567713848781e+05 0.000000000000000000e+00
3.572788633670074265e+00 -2.174344162684779731e+05 0.000000000000000000e+00
3.572702382870117876e+00 -2.174449637967480812e+05 0.000000000000000000e+00
3.572801847035004918e+00 -2.174342107874320354e+05 0.000000000000000000e+00
3.572798537105936756e+00 -2.174342270832703216e+05 0.000000000000000000e+00
3.572999828444550996e+00 -2.174760024046855397e+05 0.000000000000000000e+00
3.572808462355281378e+00 -2.174342486784654902e+05 0.000000000000000000e+00
3.573283457312805833e+00 -2.176824613457176019e+05 0.000000000000000000e+00
3.572798959333453261e+00 -2.174342236960768059e+05 0.000000000000000000e+00
3.572812603570975298e+00 -2.174343202011500834e+05 0.000000000000000000e+00
3.568418304865236923e+00 -2.380608695786569151e+05 0.000000000000000000e+00
3.572764864242607974e+00 -2.174357292529091355e+05 0.000000000000000000e+00
3.572812603570975298e+00 -2.174343202011500834e+05 0.000000000000000000e+00
3.572798494417043891e+00 -2.174342274470265838e+05 0.000000000000000000e+00
3.573058901417579758e+00 -2.175047674889883201e+05 0.000000000000000000e+00
3.558582599795301338e+00 -4.344231205539065413e+05 0.000000000000000000e+00
3.572809636757264595e+00 -2.174342652224541816e+05 0.000000000000000000e+00
3.572800329354103965e+00 -2.174342153404800920e+05 0.000000000000000000e+00
3.572803645585028054e+00 -2.174342117923652113e+05 0.000000000000000000e+00
3.563138729100674862e+00 -3.176511708819780615e+05 0.000000000000000000e+00
3.574065962061922619e+00 -2.191473257196111372e+05 0.000000000000000000e+00
3.573676049206990779e+00 -2.182531299785682349e+05 0.000000000000000000e+00
3.573190909509862401e+00 -2.175961166248556692e+05 0.000000000000000000e+00
3.651132173598830466e+00 -6.798304662109061144e+06 0.000000000000000000e+00
3.572804338296533544e+00 -2.174342140313436976e+05 0.000000000000000000e+00
3.572831381673558848e+00 -2.174351063720092643e+05 0.000000000000000000e+00
3.571778698732757551e+00 -2.185590017967525928e+05 0.000000000000000000e+00
3.572717729750793048e+00 -2.174419193098690885e+05 0.000000000000000000e+00
